trajectory:
  - positions: [-3.1983281048206234, 0.53721235574807957, 1.7316271550278173, -0.69799341615812949, 1.5707963267948966, 1.5140610087221211]
    velocities: [0, -0, -0, 0, 0, 0]
    accelerations: [0, 0, 0, 0, 0, 0]
    execution_time: -0.8486771414803117
  - positions: [-3.1983279934247735, 0.53395350644530004, 1.7298698275484612, -0.69300355951430137, 1.5707963268071377, 1.5140613971719992]
    velocities: [2.0902496647703071e-06, -0.061149572981896508, -0.032974775746865692, 0.093630473416099549, 2.2969392643800383e-10, 7.2889360504329574e-06]
    accelerations: [-2.2324458998302123e-05, 0.65309477513922787, 0.35217995321147705, -0.99999999999951172, -2.4531962517920006e-09, -7.7847903406800487e-05]
    execution_time: -0.8486771414803117
  - positions: [-3.1983278955692405, 0.53109077471155641, 1.7283261056164767, -0.68862022673823986, 1.5707963268178908, 1.5140617384052657]
    velocities: [6.6088417622502443e-23, -1.933395127279858e-18, -1.0425791652054627e-18, 2.9603592018735109e-18, 7.2623420979977819e-27, 2.3045775719699082e-22]
    accelerations: [-2.2324458998335388e-05, 0.6530947751402113, 0.35217995321200091, -1.0000000000010232, -2.4531962517957696e-09, -7.7847903406916876e-05]
    execution_time: -0.8486771414803117