trajectory:
  - positions: [-0.88744517004710455, -0.11381827853634736, 2.5703704324303702, -0.88575552749350372, 1.5707963267948966, 0.45459883504689502]
    velocities: [0, 0, 0, 0, 0, 0]
    accelerations: [0, 0, 0, 0, 0, 0]
    execution_time: 4.6372507505226417e-310