trajectory:
  - positions: [1.0327402483239663, -0.047619987612896063, -2.4653798338278494, 0.94135167840999801, -1.5700302685073353, 1.7145004992155723]
    velocities: [0, -0, -0, 0, -0, -0]
    accelerations: [0, 0, 0, 0, 0, 0]
    execution_time: -0.1036136618889331
  - positions: [1.0328123021368185, -0.047829720999038601, -2.4656637005257438, 0.94269653539423826, -1.5707965853730543, 1.7138212226163607]
    velocities: [3.164050469981461e-19, -9.2098806812055181e-19, -1.2465246783352997e-18, 5.9055797390887909e-18, -3.3650755499991027e-18, -2.982861500182173e-18]
    accelerations: [-0.053577305019503002, 0.15595218569729938, 0.21107575096897721, -1.0000000000000349, 0.56981290553506936, 0.50509207088320873]
    execution_time: -0.1036136618889331