trajectory:
  - positions: [4.2860357983067434, 0.68527742116424639, 1.3194565041770334, -0.43391306417484077, 1.5707963267948966, 0.48795775730879565]
    velocities: [-0, -0, -0, 0, 0, 0]
    accelerations: [0, 0, 0, 0, 0, 0]
    execution_time: -0.56196893256300973
  - positions: [4.2860352748979622, 0.68391666641432358, 1.3179430821021798, -0.43106287266316862, 1.5707963268051379, 0.48795914429190829]
    velocities: [-1.334689980110297e-06, -0.0034699183385926485, -0.0038592193132991606, 0.0072679752140591292, 2.6115762599846648e-11, 3.5368005424964056e-06]
    accelerations: [0.00018363986403370467, 0.47742572537673117, 0.5309896084721788, -0.99999999999989331, -3.5932652259635799e-09, -0.0004866280412809426]
    execution_time: -0.56196893256300973
  - positions: [4.2860352700477149, 0.68390405677408372, 1.3179290577470224, -0.43103646093131254, 1.570796326805233, 0.48795915714459759]
    velocities: [-8.4257498975635498e-22, -2.1905209840216838e-18, -2.4362823740550246e-18, 4.5881921890424687e-18, 1.6486591442925771e-26, 2.2327429779744916e-21]
    accelerations: [0.0001836398640337488, 0.47742572537684519, 0.53098960847230525, -1.0000000000001334, -3.5932652259644406e-09, -0.00048662804128105872]
    execution_time: -0.56196893256300973