trajectory:
  - positions: [-3.2629771392306237, 0.71023883058739556, 1.4744210543187821, 2.5277611865696477, -1.5707963267948966, -1.6921753529554926]
    velocities: [0, -0, -0, 0, 0, -0]
    accelerations: [0, 0, 0, 0, 0, 0]
    execution_time: 0
  - positions: [-3.2629747954363726, 0.70775651839048193, 1.4731688090944093, 2.5314664346026419, -1.570796326790677, -1.6921779451408783]
    velocities: [1.7733633983013095e-05, -0.018781689523636153, -0.0094747473911098237, 0.028034675996951218, 3.1925075454261013e-11, -1.961301288442959e-05]
    accelerations: [-0.00063256068965936228, 0.66994494695332019, 0.33796528956274052, -0.99999999999972689, -1.1387709798295549e-09, 0.00069959834337151477]
    execution_time: 0
  - positions: [-3.2629745468580311, 0.70749324910024669, 1.4730359983577779, 2.5318594061317685, -1.5707963267902296, -1.692178220063109]
    velocities: [-7.8993044865578734e-21, 8.3661523893698881e-18, 4.2204499454138234e-18, -1.2487820719320276e-17, -1.4220767836480074e-26, 8.7364586875593264e-21]
    accelerations: [-0.00063256068965945531, 0.66994494695341866, 0.33796528956279009, -0.99999999999987288, -1.1387709798297228e-09, 0.00069959834337161657]
    execution_time: 0