trajectory:
  - positions: [4.163524262892591, 0.56555421541140716, 1.5292090690024918, -0.52392278243442059, 1.5707963267948966, 0.97831062854395412]
    velocities: [-0, -0, -0, 0, 0, 0]
    accelerations: [0, 0, 0, 0, 0, 0]
    execution_time: -0.61850086595545894
  - positions: [4.1635240110409013, 0.56399642591567611, 1.5277457979034572, -0.52094483681306747, 1.5707963268729321, 0.97831444940036683]
    velocities: [-8.5126091947864912e-07, -0.0052653421390805102, -0.0049458691304305261, 0.010065482281764807, 2.6376074475973152e-10, 1.2914528139066309e-05]
    accelerations: [8.4572293274096701e-05, 0.52310877826683333, 0.49136931465178507, -0.99999999999998512, -2.6204481551526987e-08, -0.0012830511025251931]
    execution_time: -0.61850086595545894
  - positions: [4.1635240067567247, 0.56396992681167191, 1.5277209066244071, -0.52089417984628528, 1.5707963268742595, 0.97831451439584394]
    velocities: [3.2777218153703137e-22, 2.0273838960236266e-18, 1.9043730040734402e-18, -3.8756449523572132e-18, -1.0155926665431478e-25, -4.9726505291181906e-21]
    accelerations: [8.4572293274087554e-05, 0.52310877826677604, 0.49136931465173195, -0.9999999999998781, -2.6204481551524174e-08, -0.0012830511025250543]
    execution_time: -0.61850086595545894