trajectory:
  - positions: [-2.1966867203889753, 0.65441497939769955, 1.5173846337625398, -0.6010029534702066, 1.5707963267948966, 0.43605045068671111]
    velocities: [0, 0, 0, 0, 0, 0]
    accelerations: [0, 0, 0, 0, 0, 0]
    execution_time: 0.024616393