trajectory:
  - positions: [1.9621557053072565, 0.34596023838318363, -2.7071519839134939, 0.79039505255076392, -1.5707963267948966, 2.6243548382551487]
    velocities: [0, 0, 0, 0, 0, 0]
    accelerations: [0, 0, 0, 0, 0, 0]
    execution_time: 4.6372509448192928e-310