trajectory:
  - positions: [0.4794070461283374, 0.55046414546377298, 1.6163961694017239, -0.59603942040954427, 1.5707963267948966, -2.4290575123524767]
    velocities: [-0, -0, -0, 0, -0, -0]
    accelerations: [0, 0, 0, 0, 0, 0]
    execution_time: 0.87100937266676681
  - positions: [0.47940585451104417, 0.54957474335097867, 1.6157322913218712, -0.5945103810830541, 1.5707963267480722, -2.429060166543922]
    velocities: [4.7865965190877043e-21, 3.572631147067314e-18, 2.6667257383561673e-18, -6.1419839736460841e-18, 1.8808818813922155e-25, 1.0661597146366422e-20]
    accelerations: [0.00077932416294564989, 0.58167379830302679, 0.43417985943927873, -0.99999999999992195, 3.0623360293066919e-08, 0.0017358555789321794]
    execution_time: 0.87100937266676681