trajectory:
  - positions: [-3.1480164644551731, 0.81876657317073243, 1.2461671099263798, 2.6474761365231076, -1.5707963267948966, -1.5772196050280587]
    velocities: [0, -0, -0, 0, -0, 0]
    accelerations: [0, 0, 0, 0, 0, 0]
    execution_time: -0.84868541217583671
  - positions: [-3.1480158583991464, 0.81583220754612851, 1.2442281243574456, 2.6523362560010848, -1.5707963268040652, -1.5772193319413024]
    velocities: [9.5203066286964907e-06, -0.046094848148733297, -0.030458796481667869, 0.076345792577327917, -1.4402606663899631e-10, 4.2898173498993882e-06]
    accelerations: [-0.00012469982047871652, 0.60376409220001181, 0.39895841608850607, -1.0000000000001696, 1.8864964495999173e-09, -5.6189309260953157e-05]
    execution_time: -0.84868541217583671
  - positions: [-3.1480154949814692, 0.81407263368830518, 1.2430654238782732, 2.6552505960232149, -1.570796326809563, -1.5772191681865495]
    velocities: [-1.1171891107247219e-21, 5.4091390561992122e-18, 3.5742793884947502e-18, -8.9590274182920103e-18, 1.6901173416473314e-26, -5.0340156228368962e-22]
    accelerations: [-0.00012469982047886579, 0.60376409220073979, 0.39895841608899291, -1.000000000001368, 1.8864964496021772e-09, -5.6189309261021225e-05]
    execution_time: -0.84868541217583671