trajectory:
  - positions: [4.3763995172542218, 0.48656262708224401, 1.8268828345816626, 2.3982561901329476, -1.5710451991987644, -0.46401480726552002]
    velocities: [0, 0, 0, 0, 0, 0]
    accelerations: [0, 0, 0, 0, 0, 0]
    execution_time: -0.34618184084498344