trajectory:
  - positions: [-3.1960020999245482, 0.56613578321445324, 1.7464642912509214, -0.74176579762494432, 1.5707963267948966, -1.6251988489108173]
    velocities: [0, -0, -0, 0, -0, -0]
    accelerations: [0, 0, 0, 0, 0, 0]
    execution_time: 0
  - positions: [-3.1959999767407585, 0.56296019138257469, 1.745075048922182, -0.73722867488257204, 1.5707963267877376, -1.6252013443609941]
    velocities: [2.6659986280317406e-05, -0.039874661382851999, -0.017444171156101591, 0.05697087112656677, -8.9892054599271606e-11, -3.1334389324405005e-05]
    accelerations: [-0.00046795819956992144, 0.69991314147657779, 0.30619456594480693, -0.99999999999976175, 1.5778599277437558e-09, 0.00055000720025477623]
    execution_time: 0
  - positions: [-3.1959992173194371, 0.56182434428514572, 1.74457814410876, -0.73560583480411212, 1.570796326785177, -1.6252022369347221]
    velocities: [4.8380590701191987e-22, -7.2361615322234906e-19, -3.1656404318856316e-19, 1.0338656475227442e-18, -1.631295175897136e-27, -5.68633550233691e-22]
    accelerations: [-0.0004679581995698546, 0.69991314147648798, 0.30619456594485917, -0.99999999999988698, 1.5778599277437206e-09, 0.00055000720025482545]
    execution_time: 0