trajectory:
  - positions: [-1.8025936070176494, -0.82266630653396267, -1.1785389303629621, -2.7111943961321252, 1.5707963267948966, -2.4246795418364955]
    velocities: [0, -0, -0, 0, -0, -0]
    accelerations: [0, 0, 0, 0, 0, 0]
    execution_time: 0
  - positions: [-1.8025900789005038, -0.82531406410432573, -1.1807596354763381, -2.706319149999624, 1.5707963267819105, -2.4246807284631684]
    velocities: [5.6201990177737227e-05, -0.04217809069920686, -0.035375255928479669, 0.077661405205386017, -2.0686661121413245e-10, -1.8902654838819704e-05]
    accelerations: [-0.00072367979988389661, 0.54310233748230829, 0.45550625609882256, -0.99999999999995903, 2.6636990493159596e-09, 0.00024339831076747483]
    execution_time: 0
  - positions: [-1.8025878965377375, -0.82695186900061612, -1.182133281518791, -2.7033035030703862, 1.5707963267738776, -2.4246814624665372]
    velocities: [-3.968705550884508e-21, 2.9784073865405589e-18, 2.4980249653673352e-18, -5.4840629122453552e-18, 1.4607893165737162e-26, 1.3348116489831042e-21]
    accelerations: [-0.00072367979988455895, 0.54310233748280601, 0.45550625609923789, -1.0000000000008926, 2.6636990493183911e-09, 0.00024339831076769687]
    execution_time: 0