trajectory:
  - positions: [1.3274345358545838, 0.31462661684077459, 2.0177297519867028, 2.3802697327627702, -1.5715506671736614, -3.1318180534408753]
    velocities: [0, 0, 0, 0, 0, 0]
    accelerations: [0, 0, 0, 0, 0, 0]
    execution_time: 0.27079534749706097