trajectory:
  - positions: [0.42621939152268362, -0.3835022210587854, -1.8949978399923466, 0.70770336807158563, -1.5707963267948966, -2.3108853316184996]
    velocities: [0, 0, 0, 0, 0, 0]
    accelerations: [0, 0, 0, 0, 0, 0]
    execution_time: 4.6372507408737372e-310