trajectory:
  - positions: [-2.2982012279786703, 0.52047445487595878, 1.7703620341346928, -0.71974371909691559, 1.5701455833825357, -2.33542369790249]
    velocities: [0, 0, 0, 0, 0, 0]
    accelerations: [0, 0, 0, 0, 0, 0]
    execution_time: -0.67647792087349301