trajectory:
  - positions: [-1.514298829007465, 0.25197833213396653, 2.2042101504684495, -0.88436688872210922, 1.5708473263297715, -0.66671232546822223]
    velocities: [0, 0, 0, -0, -0, 0]
    accelerations: [0, 0, 0, 0, 0, 0]
    execution_time: -0.12116925202777355
  - positions: [-1.5142833104906053, 0.25205609745245744, 2.2045411813475004, -0.88580063718063295, 1.5707965676780749, -0.66625778443147488]
    velocities: [3.0532842932607063e-20, 1.5300407097810377e-19, 6.5130668911460786e-19, -2.8209149678768488e-18, -9.9868173855158984e-20, 8.9431420585109505e-19]
    accelerations: [-0.010823737432817107, -0.054239164498191141, -0.23088490668143702, 0.99999999999985756, 0.035402759385657824, -0.31702983465824569]
    execution_time: -0.12116925202777355