trajectory:
  - positions: [-3.3440251206850053, 0.86276439122382242, 1.0722722781241298, 2.7773699544789592, -1.5707963267948966, -1.7732267965192912]
    velocities: [0, -0, -0, 0, -0, 0]
    accelerations: [0, 0, 0, 0, 0, 0]
    execution_time: 0
  - positions: [-3.34402261357444, 0.86101446476216059, 1.0703627497815353, 2.7810129999469848, -1.5707963268233669, -1.7732261132872136]
    velocities: [1.811750316897122e-05, -0.012645751907698349, -0.013799106539733777, 0.026326277238740019, -2.0574007213814223e-10, 4.9373408180966708e-06]
    accelerations: [-0.00068819085223007425, 0.48034713731159245, 0.52415715350098357, -1.000000000000139, 7.8150081863992947e-09, -0.0001875442081431812]
    execution_time: 0
  - positions: [-3.3440223750912343, 0.86084800697685349, 1.0701811102293293, 2.7813595363836101, -1.5707963268260752, -1.773226048296312]
    velocities: [-1.0945987731892852e-21, 7.640139148935873e-19, 8.3369573327131511e-19, -1.5905453692713307e-18, 1.243012508169322e-26, -2.9829757179575427e-22]
    accelerations: [-0.00068819085222977046, 0.48034713731137957, 0.52415715350075087, -0.99999999999969558, 7.8150081863958354e-09, -0.00018754420814309821]
    execution_time: 0