trajectory:
  - positions: [4.2251823010823237, 0.39471382964239632, 1.7615003656074542, -0.58537046418755057, 1.5707963267948966, -1.6741034081143238]
    velocities: [0, -0, -0, 0, -0, -0]
    accelerations: [0, 0, 0, 0, 0, 0]
    execution_time: -0.51994528789410743
  - positions: [4.2251823106370026, 0.39213605366704984, 1.7591170180217595, -0.58043687077961514, 1.5707963267831504, -1.6741039174400774]
    velocities: [1.6210212018594413e-07, -0.043733856953310869, -0.040435236956068404, 0.083702024703464259, -1.992805477231591e-10, -8.6410843571414071e-06]
    accelerations: [-1.9366570971287085e-06, 0.52249461238559869, 0.48308552988215508, -1.0000000000003726, 2.3808330614370935e-09, 0.00010323626444829234]
    execution_time: -0.51994528789410743
  - positions: [4.2251823174211403, 0.39030574747950797, 1.7574247624204657, -0.57693385630988547, 1.5707963267748104, -1.6741042790782057]
    velocities: [2.5319700577417305e-23, -6.8310529306047132e-18, -6.3158217260217251e-18, 1.307392032124122e-17, -3.112682174339397e-26, -1.3497026956591045e-21]
    accelerations: [-1.936657097126001e-06, 0.52249461238488426, 0.4830855298815, -0.99999999999898692, 2.3808330614338104e-09, 0.00010323626444815277]
    execution_time: -0.51994528789410743