trajectory:
  - positions: [0.38488506745480905, -0.23720279815582748, -2.0281489702774742, 0.69455514203278268, -1.5707963267948966, -1.3018920246815793]
    velocities: [0, 0, 0, 0, 0, 0]
    accelerations: [0, 0, 0, 0, 0, 0]
    execution_time: 0.014343454