trajectory:
  - positions: [-0.54692274042521283, -0.58205662626413768, -1.6427854326433191, 0.6540033878512278, -1.5707963267948966, 1.0238792455870003]
    velocities: [0, 0, 0, -0, -0, -0]
    accelerations: [0, 0, 0, 0, 0, 0]
    execution_time: -0.84867975550714625
  - positions: [-0.54692048232578061, -0.58015669039954698, -1.6416895565808338, 0.65104895548853503, -1.5707963268168972, 1.023875930386416]
    velocities: [7.2946603718020548e-06, 0.0061376335614319053, 0.003540164605360367, -0.0095441238634392678, -7.1072148136938877e-11, -1.0709564858870534e-05]
    accelerations: [-0.00076430906348001727, -0.64307983103025368, -0.37092609610002431, 1.0000000000000684, 7.4466917187862757e-09, 0.0011221108414043619]
    execution_time: -0.84867975550714625
  - positions: [-0.54692044751520952, -0.58012740123207762, -1.6416726626960887, 0.65100341033837461, -1.5707963268172365, 1.0238758792797091]
    velocities: [1.7299246089497838e-21, 1.4555363509013103e-18, 8.3954804725651503e-19, -2.2633836122174026e-18, -1.6854720001534763e-26, -2.5397672895259356e-21]
    accelerations: [-0.00076430906348007972, -0.64307983103030475, -0.37092609610005445, 1.0000000000001497, 7.446691718786887e-09, 0.0011221108414044511]
    execution_time: -0.84867975550714625