trajectory:
  - positions: [1.9621557053072565, 0.28909951871257894, -2.7336104893434312, 0.87371437751984671, -1.5707963267948966, 2.6243548382551487]
    velocities: [0, 0, 0, 0, 0, 0]
    accelerations: [0, 0, 0, 0, 0, 0]
    execution_time: 4.6372509448192928e-310