trajectory:
  - positions: [0.42676121164646025, -0.32683454727769784, -1.8596944439500382, 0.61573216509013518, -1.5707963267948966, -2.2687037894288435]
    velocities: [0, 0, 0, 0, 0, 0]
    accelerations: [0, 0, 0, 0, 0, 0]
    execution_time: 0