trajectory:
  - positions: [1.6938169254514175, 0.81812262081915121, 1.1695495632614541, 2.7247405650168135, -1.5707963267948966, -2.0698663234891295]
    velocities: [-0, -0, -0, 0, 0, -0]
    accelerations: [0, 0, 0, 0, 0, 0]
    execution_time: 0.048558580722178939
  - positions: [1.693816254540889, 0.81622503229726628, 1.1677803556167277, 2.7283853646174698, -1.5707963267386735, -2.0698703028689436]
    velocities: [-4.8547349065443793e-06, -0.01373102499125684, -0.012802055927451235, 0.02637391290448057, 4.0683311727577699e-10, -2.8794948456436852e-05]
    accelerations: [0.00018407336537910749, 0.52062904131759646, 0.48540601365500552, -0.9999999999997562, -1.5425588108564775e-08, 0.0010917966007060725]
    execution_time: 0.048558580722178939
  - positions: [1.6938161905217111, 0.8160439618686619, 1.1676115354627132, 2.7287331562584165, -1.5707963267333085, -2.0698706825866751]
    velocities: [-1.7884802363264445e-21, -5.0584980012528836e-18, -4.7162665833158691e-18, 9.7161272226568835e-18, 1.4987697654715478e-25, -1.0608034673727078e-20]
    accelerations: [0.00018407336537917544, 0.52062904131778964, 0.4854060136551821, -1.0000000000001281, -1.5425588108570489e-08, 0.001091796600706476]
    execution_time: 0.048558580722178939