trajectory:
  - positions: [-1.2708849732678411, 0.37323267242127633, 2.018747345839222, -0.82118332528095206, 1.5707963267948966, 0.36053578560821453]
    velocities: [0, 0, 0, 0, 0, 0]
    accelerations: [0, 0, 0, 0, 0, 0]
    execution_time: 4.6808947444887945e-310