trajectory:
  - positions: [2.1167631255468256, -0.69561514672566149, -1.3749577134006663, 0.49924789585505036, -1.5710581155300514, 0.78485088379343704]
    velocities: [0, 0, 0, 0, 0, 0]
    accelerations: [0, 0, 0, 0, 0, 0]
    execution_time: 0.65448651808597924