trajectory:
  - positions: [4.3667647330625332, 1.0599200043561243, 0.66166623441376737, 2.9908023421406345, -1.5707963267948966, 3.3558868401802182]
    velocities: [0, 0, 0, 0, 0, 0]
    accelerations: [0, 0, 0, 0, 0, 0]
    execution_time: 4.6372507430879418e-310