trajectory:
  - positions: [4.0645084661956634, 0.46424616938522067, 1.7252442236851699, -0.61869366680133053, 1.5707963267948966, -2.5117691705398308]
    velocities: [0, 0, 0, 0, 0, 0]
    accelerations: [0, 0, 0, 0, 0, 0]
    execution_time: 4.6372509485520576e-310