trajectory:
  - positions: [-4.5908119481970466, 0.84559212877790979, 1.1878019372664756, 2.6790010396108115, -1.5707963267948966, -2.0713126862771518]
    velocities: [0, -0, -0, 0, -0, 0]
    accelerations: [0, 0, 0, 0, 0, 0]
    execution_time: 0.049719702494692951
  - positions: [-4.5908109111358062, 0.84349242756772402, 1.186333233486685, 2.6825634814583061, -1.5707963267989193, -2.0713124143321044]
    velocities: [7.036037021648599e-06, -0.014245615279939805, -0.0099645553879733218, 0.024169713181275691, -2.7293730783064665e-11, 1.8450360957740988e-06]
    accelerations: [-0.000291109661454375, 0.5893994344533553, 0.41227445742697466, -1.0000000000002716, 1.1292533998383013e-09, -7.6336697996232247e-05]
    execution_time: 0.049719702494692951
  - positions: [-4.5908108261063081, 0.84332027135002052, 1.1862128132638319, 2.6828555689759388, -1.5707963267992493, -2.0713123920351078]
    velocities: [2.5622546432410599e-22, -5.1877063444301081e-19, -3.628708636994221e-19, 8.801681917531732e-19, -9.9393292296652715e-28, 6.7189133439733702e-23]
    accelerations: [-0.00029110966145435196, 0.58939943445330767, 0.41227445742694185, -1.0000000000001925, 1.1292533998382079e-09, -7.6336697996226378e-05]
    execution_time: 0.049719702494692951