trajectory:
  - positions: [0.7393335991804022, -0.17451676314056755, -2.2100761622435123, 0.81393686395484643, -1.570353043631453, 2.1557312975651919]
    velocities: [0, 0, 0, 0, 0, 0]
    accelerations: [0, 0, 0, 0, 0, 0]
    execution_time: -0.33770504728552381