trajectory:
  - positions: [-1.7669898064043801, -0.11375788303625141, 2.2978936328727664, -0.61361941281834809, 1.5699431831396897, 1.8215539823984686]
    velocities: [0, 0, 0, 0, 0, 0]
    accelerations: [0, 0, 0, 0, 0, 0]
    execution_time: -0.24892272321387687