trajectory:
  - positions: [0.48459817959366069, 0.35809856044711491, -2.7099895820549733, 0.78073743175272792, -1.5705964565550861, -3.1721763955482634]
    velocities: [0, 0, 0, 0, 0, 0]
    accelerations: [0, 0, 0, 0, 0, 0]
    execution_time: -0.17422935552437058