trajectory:
  - positions: [0.4331740369723438, 0.27608548270320238, -2.5363594684650774, 0.68857141853753812, -1.5707296146095902, -0.028219268948805332]
    velocities: [0, 0, -0, 0, -0, 0]
    accelerations: [0, 0, 0, 0, 0, 0]
    execution_time: -0.26383048822212046
  - positions: [0.43323057006984567, 0.27615771653955873, -2.5367778360917175, 0.68982349368842377, -1.5707959497738773, -0.027443433409633861]
    velocities: [-9.5808108748768198e-20, -1.2241655870247676e-19, 7.0901848370808508e-19, -2.121924280086113e-18, 1.124199259323688e-19, -1.3148286400837499e-18]
    accelerations: [-0.045151521026414843, -0.057691294572259175, 0.33413938959184364, -1.0000000000000013, 0.05298017793915185, -0.61963975454882514]
    execution_time: -0.26383048822212046