trajectory:
  - positions: [4.1090615533360344, 0.64742711101344064, 1.4914722095141235, -0.56810259425850396, 1.5707963267948966, 0.4159793373942472]
    velocities: [0, 0, 0, 0, 0, 0]
    accelerations: [0, 0, 0, 0, 0, 0]
    execution_time: 0.026209685999999999