trajectory:
  - positions: [0.75801407633065399, -0.67587732804362088, -1.435366862197206, 0.5404474972612805, -1.5707963267948966, 0.0037265901815979755]
    velocities: [0, 0, 0, 0, 0, 0]
    accelerations: [0, 0, 0, 0, 0, 0]
    execution_time: 4.6372509480240002e-310