trajectory:
  - positions: [0.7818092209334303, -0.68362333181119816, -1.4253288754164795, 0.53815551424813113, -1.5707963267948966, -0.0091276923127050612]
    velocities: [0, 0, 0, 0, 0, 0]
    accelerations: [0, 0, 0, 0, 0, 0]
    execution_time: 0.047627266000000001