trajectory:
  - positions: [-0.90428280630204882, -0.21620701868813122, 2.6937283204389497, -0.90672452554748795, 1.5707963267948966, -3.7510288395468718]
    velocities: [0, 0, 0, 0, 0, 0]
    accelerations: [0, 0, 0, 0, 0, 0]
    execution_time: 4.6372507532079873e-310