trajectory:
  - positions: [0.81815377980390513, -0.70821362973644475, -1.3722725812315939, 0.5096611886123964, -1.5707963267948966, 0.21568900056659718]
    velocities: [-0, 0, 0, -0, -0, -0]
    accelerations: [0, 0, 0, 0, 0, 0]
    execution_time: -0.5741056608773879
  - positions: [0.81815321386389606, -0.70741976963630804, -1.3716486724603849, 0.50827178850689658, -1.5707963268110183, 0.21568841480092066]
    velocities: [1.8577175353284017e-21, -2.6058730695199221e-18, -2.0480019898352272e-18, 4.5607536102225076e-18, 5.2920266169923321e-26, 1.9227959702580071e-21]
    accelerations: [0.00040732687930442664, -0.5713689649182101, -0.44904903111730105, 0.99999999999996225, 1.1603403887310519e-08, 0.00042159610770206156]
    execution_time: -0.5741056608773879