trajectory:
  - positions: [0.27650313294115403, -0.40777766676415739, -1.8222851532757498, -2.4823257941601327, 1.5707963267948966, -1.120592273468364]
    velocities: [0, 0, 0, 0, 0, 0]
    accelerations: [0, 0, 0, 0, 0, 0]
    execution_time: 0