trajectory:
  - positions: [1.4859980818934655, -0.26058556890856177, -2.2506310456393481, -2.2011720162968871, 1.5707963267948966, 2.8280421868560062]
    velocities: [0, 0, 0, 0, 0, 0]
    accelerations: [0, 0, 0, 0, 0, 0]
    execution_time: 4.6372507473614121e-310