trajectory:
  - positions: [-0.37024064422608594, -0.52184188822717359, -1.7491828460916743, 0.70020190907110491, -1.5707963267948966, 1.2005550167785382]
    velocities: [-0, 0, 0, -0, -0, -0]
    accelerations: [0, 0, 0, 0, 0, 0]
    execution_time: -0.84868202832600448
  - positions: [-0.37024496057849215, -0.51982373781934821, -1.7480854667663053, 0.6971118961938253, -1.5707963268991629, 1.2005513495586826]
    velocities: [-1.7591107329522245e-05, 0.0082248845993250757, 0.0044723219230080845, -0.012593213680956223, -4.2493309314633569e-10, -1.4945595727542083e-05]
    accelerations: [0.0013968719800350571, -0.65312038751179491, -0.35513746024743104, 0.99999999999998723, 3.3743022544668126e-08, 0.0011867975964024919]
    execution_time: -0.84868202832600448
  - positions: [-0.3702450713427789, -0.51977194895471801, -1.7480573063134921, 0.69703260167841818, -1.5707963269018386, 1.2005512554521423]
    velocities: [2.4308277571527249e-22, -1.1365559546023393e-19, -6.1800795514024983e-20, 1.7401936554641677e-19, 5.8719393748416786e-27, 2.0652576475797764e-22]
    accelerations: [0.0013968719800354719, -0.65312038751198442, -0.3551374602475364, 1.0000000000002769, 3.3743022544678006e-08, 0.001186797596402841]
    execution_time: -0.84868202832600448