trajectory:
  - positions: [0.63924920909607985, -0.55671098927471729, -1.7322866868717754, -2.4234275898080493, 1.5707963267948966, -0.87598332418956704]
    velocities: [-0, 0, 0, -0, 0, -0]
    accelerations: [0, 0, 0, 0, 0, 0]
    execution_time: -0.4285682951858425
  - positions: [0.63924911456472111, -0.55399830560992391, -1.7309920184320706, -2.4274034594928859, 1.5707963268194014, -0.8759845781862301]
    velocities: [-8.5584897245499371e-07, 0.024559548895704875, 0.011721408309170794, -0.035995928015858401, 2.2185742546341864e-10, -1.1353182370310921e-05]
    accelerations: [2.3776271918262359e-05, -0.68228686547236395, -0.32563150765283971, 1, -6.1634034095633476e-09, 0.00031540185226804735]
    execution_time: -0.4285682951858425
  - positions: [0.63924909916118211, -0.55355628373284804, -1.7307810569471997, -2.4280513129097474, 1.5707963268233944, -0.87598478252039769]
    velocities: [2.7554627418074456e-22, -7.9071102631103137e-18, -3.7737854360899839e-18, 1.1589128654319494e-17, -7.1428475061926851e-26, 3.6552326437456773e-21]
    accelerations: [2.3776271918257544e-05, -0.68228686547231687, -0.32563150765297399, 1.0000000000000939, -6.1634034095661526e-09, 0.00031540185226812932]
    execution_time: -0.4285682951858425