trajectory:
  - positions: [0.75801407633065399, -0.69257128675775537, -1.4466890252555691, 0.56846358574426425, -1.5707963267948966, 0.0037265979838277319]
    velocities: [0, 0, 0, 0, 0, 0]
    accelerations: [0, 0, 0, 0, 0, 0]
    execution_time: 0.024475087