trajectory:
  - positions: [-0.47482710813318724, -0.40379071487522705, -1.9486335048723791, 0.78160335858116714, -1.5707963267948966, 1.0959804039382877]
    velocities: [0, 0, 0, -0, -0, -0]
    accelerations: [0, 0, 0, 0, 0, 0]
    execution_time: -0.74018088254295811
  - positions: [-0.47482551951055318, -0.40152771091189449, -1.9475085583705449, 0.77823836729815787, -1.5707963268846425, 1.0959713841135894]
    velocities: [9.0311173731285661e-06, 0.012864889351507562, 0.0063951776077091956, -0.019129546932366737, -5.1019440403065356e-10, -5.1276554789511384e-05]
    accelerations: [-0.00047210304588269681, -0.67251406408048975, -0.33430889034215161, 0.99999999999975286, 2.6670490724863626e-08, 0.0026804897664743019]
    execution_time: -0.74018088254295811
  - positions: [-0.47482543312996134, -0.40140466115957979, -1.9474473899454512, 0.778055397515239, -1.5707963268895224, 1.0959708936649586]
    velocities: [-6.548509093515304e-22, -9.3283966340735281e-19, -4.6371757766471603e-19, 1.387093167609173e-18, 3.6994455461251086e-26, 3.7180890409237167e-21]
    accelerations: [-0.0004721030458825646, -0.67251406408029979, -0.33430889034205719, 0.99999999999947287, 2.6670490724856009e-08, 0.0026804897664735421]
    execution_time: -0.74018088254295811