trajectory:
  - positions: [4.3881872008711307, -0.27628878176291627, 2.5364907623068182, -0.68825763158209952, 1.5706796803391512, 0.78660344352779088]
    velocities: [0, 0, 0, -0, 0, -0]
    accelerations: [0, 0, 0, 0, 0, 0]
    execution_time: -0.26375332244724631
  - positions: [4.3881939358723434, -0.27615850801304143, 2.5367778405680173, -0.68982271793397754, 1.5707959429844482, 0.78592783537564526]
    velocities: [-3.025915950375599e-20, -5.8529672855340326e-19, -1.289791437492222e-18, 7.0316539021702116e-18, -5.2234733406166763e-19, 3.0353869571939354e-18]
    accelerations: [-0.0043032777102997837, -0.083237419915202976, -0.18342646771820767, 0.99999999999985345, -0.074285131397092335, 0.43167468129463332]
    execution_time: -0.26375332244724631