trajectory:
  - positions: [0.70864466235887413, -0.33298285412830925, -1.9303750055968503, 0.69252681196755106, -1.5707963267948966, -1.0166006931697591]
    velocities: [-0, 0, 0, -0, -0, -0]
    accelerations: [0, 0, 0, 0, 0, 0]
    execution_time: -0.46261099102523967
  - positions: [0.70863875329867776, -0.33042461416576419, -1.928599543152975, 0.68822040505539328, -1.5707963269256473, -1.0166023971647506]
    velocities: [-6.4941004367665301e-05, 0.02811524456735821, 0.019512462302423993, -0.047327727388571189, -1.4369591962837221e-09, -1.8727029766882802e-05]
    accelerations: [0.0013721555618867998, -0.59405439725716513, -0.41228394810149804, 1.0000000000003819, 3.0361888803291241e-08, 0.00039568833747576321]
    execution_time: -0.46261099102523967
  - positions: [0.70863721654360234, -0.32975929885059074, -1.9281378029047105, 0.68710044816550975, -1.5707963269596512, -1.0166028403186305]
    velocities: [1.229648122472996e-20, -5.3235791518393509e-18, -3.6946553057850962e-18, 8.9614337953243723e-18, 2.7208605641158917e-25, 3.5459348398696797e-21]
    accelerations: [0.0013721555618854855, -0.59405439725659404, -0.4122839481011018, 0.99999999999942513, 3.0361888803262005e-08, 0.00039568833747538628]
    execution_time: -0.46261099102523967