trajectory:
  - positions: [-1.139617097347563, 0.32242588383015341, 2.0565301448563944, -0.80815940228602856, 1.5707963267948966, -0.57838679028200846]
    velocities: [0, 0, 0, 0, 0, 0]
    accelerations: [0, 0, 0, 0, 0, 0]
    execution_time: 4.6372509264606039e-310