trajectory:
  - positions: [4.1746735867962075, 0.51213250223544904, 1.6462648526075074, -0.58760072844243738, 1.5707963267948966, -2.7140855238115154]
    velocities: [0, 0, 0, 0, 0, 0]
    accelerations: [0, 0, 0, 0, 0, 0]
    execution_time: 4.6372507411844057e-310