trajectory:
  - positions: [-0.50517848928654785, -0.55357977762305666, -1.6706740555786288, 0.65342794531868897, -1.5707963267948966, 1.0656142422408772]
    velocities: [-0, 0, 0, -0, 0, 0]
    accelerations: [0, 0, 0, 0, 0, 0]
    execution_time: -0.8486808777371142
  - positions: [-0.50517853645052191, -0.55046581252885296, -1.6687785158790689, 0.64842796086451071, -1.5707963267795071, 1.0656153658993754]
    velocities: [-9.4293179291486422e-07, 0.062169898200881646, 0.038019362162965406, -0.09999892179329041, 2.4463506579546427e-10, 2.2465127740631555e-05]
    accelerations: [-9.3965515738754724e-06, 0.6111673547087022, 0.3907389585116598, -1.0000093516537767, -3.6667698244204687e-09, 0.00022389399573807554]
    execution_time: -0.8486808777371142
  - positions: [-0.5051786232813783, -0.54477351930006879, -1.6652311291230872, 0.63920580914727576, -1.5707963267808158, 1.0656174347153158]
    velocities: [-4.5135312276267151e-07, 0.029495927842300842, 0.018571443993313709, -0.047976256511181516, -7.4639743377397446e-11, 1.0754115807758999e-05]
    accelerations: [9.4078437040394922e-06, -0.61480261252536594, -0.38709656283750565, 0.99999999999853872, 1.5557642218274256e-09, -0.00022415495892728578]
    execution_time: -0.8486808777371142
  - positions: [-0.50517863410849495, -0.54406596719997002, -1.6647856349426839, 0.63805494855286238, -1.5707963267826062, 1.0656176926864251]
    velocities: [-5.7764557567668696e-23, 3.7749139995521496e-18, 2.3767892400970148e-18, -6.1400422227245597e-18, -9.552458010635641e-27, 1.3763209122479271e-21]
    accelerations: [9.4078437040262158e-06, -0.6148026125245436, -0.38709656283698934, 0.99999999999732858, 1.5557642218250657e-09, -0.00022415495892689916]
    execution_time: -0.8486808777371142