trajectory:
  - positions: [0.71706138324698776, -0.90404352127810517, -1.0515331774512466, -2.7563272534418073, 1.5715203071372346, -0.011166128866214051]
    velocities: [-0, -0, 0, -0, -0, -0]
    accelerations: [0, 0, 0, 0, 0, 0]
    execution_time: -0.58401794380662775
  - positions: [0.71701538773580342, -0.9041129336542777, -1.0514497102740912, -2.7568256269502358, 1.5707960705960236, -0.012177387993519783]
    velocities: [-2.446794771385755e-19, -3.6924872605011003e-19, 4.4401518188986132e-19, -2.6511667404520519e-18, -3.8526763517849746e-18, -5.3795326576353631e-18]
    accelerations: [0.045483407706667874, 0.068639554688083249, -0.082537872738746812, 0.49282473203114208, 0.71617305758271543, 0.99999999999995204]
    execution_time: -0.58401794380662775