trajectory:
  - positions: [1.9608053494765316, 0.12778863072603619, -2.6278046971312374, 0.92921938174803298, -1.5707963267948966, 0.52860511897348428]
    velocities: [0, 0, 0, 0, 0, 0]
    accelerations: [0, 0, 0, 0, 0, 0]
    execution_time: 4.6372507473811747e-310