trajectory:
  - positions: [1.5769760589463711, -0.24484042791179528, -2.2206707496920655, 0.89471446797955756, -1.5707963267948966, -3.9044780510283656]
    velocities: [0, 0, 0, 0, 0, 0]
    accelerations: [0, 0, 0, 0, 0, 0]
    execution_time: 4.6372507508277766e-310