trajectory:
  - positions: [2.1354589158733455, 0.12159785477841639, -2.5217602856853722, 0.82936575457216599, -1.5707963267948966, 1.9768050886735098]
    velocities: [0, 0, 0, 0, 0, 0]
    accelerations: [0, 0, 0, 0, 0, 0]
    execution_time: 4.6372509484058142e-310