trajectory:
  - positions: [-1.1313796737798389, 0.071036135264229597, 2.503382876267171, -1.0036224433875305, 1.5707963267948966, 0.13368967971419057]
    velocities: [0, 0, 0, 0, 0, 0]
    accelerations: [0, 0, 0, 0, 0, 0]
    execution_time: 4.6372507460831654e-310