trajectory:
  - positions: [0.73288941513268302, -0.99691300849523934, -0.85058149450114595, -2.8649224405797504, 1.5707963267948966, -2.6943978391369958]
    velocities: [-0, 0, 0, -0, 0, -0]
    accelerations: [0, 0, 0, 0, 0, 0]
    execution_time: -0.61256762485257377
  - positions: [0.73288792616678433, -0.99633022799922033, -0.84984319131618136, -2.8662152342743883, 1.5707963268200051, -2.6943981402580817]
    velocities: [3.4331272618188108e-21, -1.343724265479627e-18, -1.7023148710272913e-18, 2.9808105617990566e-18, -5.7893170713222343e-26, 6.9429864702065876e-22]
    accelerations: [0.0011517428533757469, -0.45079156746838178, -0.57109126384736231, 1.0000000000000577, -1.9421955710692492e-08, 0.00023292276802778689]
    execution_time: -0.61256762485257377