trajectory:
  - positions: [-3.202082629325417, -0.34662932431755239, -1.9693679450133545, 0.74518736041445088, -1.5707963267948966, -1.631287500953011]
    velocities: [-0, -0, -0, 0, -0, 0]
    accelerations: [0, 0, 0, 0, 0, 0]
    execution_time: 0.74023962770482421
  - positions: [-3.2020834302584671, -0.34935972734942911, -1.9709561070978996, 0.74951637712377117, -1.5707963267990794, -1.6312873569509001]
    velocities: [-8.9164858568743002e-06, -0.030396548143611993, -0.017680410071018629, 0.048193311860230813, -4.6567432296265824e-11, 1.6031212421128167e-06]
    accelerations: [0.00018501500545820072, 0.63072129659299059, 0.36686439235147489, -0.99999999999944944, 9.6626337760920101e-10, -3.3264392510754793e-05]
    execution_time: 0.74023962770482421
  - positions: [-3.2020836451159589, -0.35009218251150892, -1.9713821458560843, 0.7506776747777999, -1.5707963268002016, -1.631287318321039]
    velocities: [1.2963471022897665e-22, 4.4192833071342009e-19, 2.5705136228292585e-19, -7.0067133153798477e-19, 6.7703304740620213e-28, -2.330740619332559e-23]
    accelerations: [0.00018501500545839536, 0.6307212965936555, 0.36686439235186402, -1.0000000000004994, 9.6626337761021534e-10, -3.3264392510789766e-05]
    execution_time: 0.74023962770482421