trajectory:
  - positions: [-0.99203795896179481, 0.37341353434880636, 2.0726681021139477, -0.87528504335174828, 1.5707963267948966, 1.1119689578586873]
    velocities: [0, 0, 0, 0, 0, 0]
    accelerations: [0, 0, 0, 0, 0, 0]
    execution_time: 4.6808947464879817e-310