trajectory:
  - positions: [2.9391599201784722, 0.8869832447560303, 1.0948793199855944, 2.7305494519864943, -1.5707963267948966, -1.7732267965192912]
    velocities: [0, -0, -0, 0, -0, 0]
    accelerations: [0, 0, 0, 0, 0, 0]
    execution_time: 0
  - positions: [2.9391627100622011, 0.88500823946468743, 1.0932858278265825, 2.7340963085124321, -1.5707963268353851, -1.7732261034547674]
    velocities: [1.8688951340863286e-05, -0.013230220817221078, -0.010674529950196682, 0.023759781936204385, -2.7122525910140008e-10, 4.642720063937763e-06]
    accelerations: [-0.00078657924517339052, 0.55683258595322627, 0.44926885182946524, -1.0000000000000289, 1.1415309274708747e-08, -0.00019540246945042351]
    execution_time: 0
  - positions: [2.9391629320849053, 0.88485106588389484, 1.0931590155746385, 2.7343785721312601, -1.5707963268386071, -1.7732260482997591]
    velocities: [-2.2194245418167084e-21, 1.5711677043747068e-18, 1.2676641568445352e-18, -2.8216159470716167e-18, 3.2209618690271404e-26, -5.5135072389847288e-22]
    accelerations: [-0.00078657924517366753, 0.55683258595342844, 0.44926885182962678, -1.0000000000003906, 1.1415309274712734e-08, -0.00019540246945049398]
    execution_time: 0