trajectory:
  - positions: [-0.99203795896179481, 0.34640438707398158, 2.061519843474767, -0.83712760414822918, 1.5707963267948966, 1.1119689578586873]
    velocities: [0, 0, 0, 0, 0, 0]
    accelerations: [0, 0, 0, 0, 0, 0]
    execution_time: 4.6808947464879817e-310