trajectory:
  - positions: [0.63959708451347141, 0.5078267699640362, 1.7294187286938691, -0.66641425116321507, 1.5707963267948966, -2.2688675738358834]
    velocities: [0, -0, -0, 0, -0, -0]
    accelerations: [0, 0, 0, 0, 0, 0]
    execution_time: 0.7783578247872901
  - positions: [0.63959759818821049, 0.50683240481686365, 1.728795104993559, -0.6648308562206271, 1.5707963267888849, -2.2688684228668059]
    velocities: [1.0172229315980101e-21, -1.9691274519394485e-18, -1.2349533282139441e-18, 3.1355749520965598e-18, -1.1904758318526693e-26, -1.6813241108740971e-21]
    accelerations: [-0.00032441352770648497, 0.6279956569439652, 0.39385227496726832, -0.99999999999973244, 3.7966747726963278e-09, 0.00053620919179414041]
    execution_time: 0.7783578247872901