trajectory:
  - positions: [0.62123046089768552, -0.24936974920147711, -2.0942229290287218, 0.77275400717397014, -1.5707963267948966, 2.1968596927017763]
    velocities: [-0, 0, 0, -0, -0, 0]
    accelerations: [0, 0, 0, 0, 0, 0]
    execution_time: -0.44767895554758302
  - positions: [0.62122751019925171, -0.2465223653757494, -2.092542266369378, 0.76825736531479616, -1.5707963268178067, 2.1968615453046834]
    velocities: [-3.6175511614257163e-05, 0.034908876312001368, 0.020604895050364943, -0.055128751193615502, -2.8087796550313498e-10, 2.2712879503944251e-05]
    accelerations: [0.00065620045495362567, -0.63322450728871038, -0.37375951031449783, 1.0000000000005098, 5.0949451859850261e-09, -0.00041199698908808783]
    execution_time: -0.44767895554758302
  - positions: [0.62122651304386223, -0.24556012399742286, -2.091974305303077, 0.76673777571071244, -1.5707963268255489, 2.1968621713710248]
    velocities: [-4.585450055062575e-22, 4.4248968891970781e-19, 2.6117866182718432e-19, -6.9878800303315639e-19, -3.5602865720760626e-27, 2.8789855326039019e-22]
    accelerations: [0.00065620045495286901, -0.63322450728798385, -0.37375951031406679, 0.99999999999935985, 5.0949451859791788e-09, -0.00041199698908761263]
    execution_time: -0.44767895554758302