trajectory:
  - positions: [-1.9068640868614128, 0.23194761566628774, 2.2305518762845864, -0.89211928407630259, 1.5719888903310342, 2.6771911553339938]
    velocities: [0, -0, 0, 0, -0, 0]
    accelerations: [0, 0, 0, 0, 0, 0]
    execution_time: -0.34617895780253322
  - positions: [-1.9066846542058928, 0.23185480433632666, 2.2306536526041003, -0.89171216280585119, 1.5707962012101289, 2.677614712545791]
    velocities: [4.3275056949918064e-19, -2.2383972293247035e-19, 2.454612294709403e-19, 9.8188348788844915e-19, -2.8764936617108782e-18, 1.0215232232367561e-18]
    accelerations: [-0.15044377648367421, 0.077816866385623309, -0.085333485256115713, -0.34134734971199149, 0.99999999999989897, -0.35512792426216311]
    execution_time: -0.34617895780253322