trajectory:
  - positions: [0.7818092209334303, -0.66770861403202086, -1.41294544266372, 0.5098572971371671, -1.5707963267948966, -0.0091277099977591751]
    velocities: [0, 0, 0, 0, 0, 0]
    accelerations: [0, 0, 0, 0, 0, 0]
    execution_time: 4.6372507393567581e-310