trajectory:
  - positions: [-1.9063599504670607, 0.68892268948531954, 1.3129057936857109, 2.7105957175190754, -1.5708040499620579, 1.1394184255302431]
    velocities: [-0, -0, -0, 0, 0, 0]
    accelerations: [0, 0, 0, 0, 0, 0]
    execution_time: -0.41274806070752285
  - positions: [-1.9063620183795242, 0.68757259244727231, 1.3113814737436336, 2.713434894173246, -1.5707963934362528, 1.1394199567303247]
    velocities: [-5.1208143524443566e-06, -0.0033432731860619201, -0.0037747049624656725, 0.0070307118013616422, 1.89600130217943e-05, 3.7917423938149634e-06]
    accelerations: [0.00072834934742357189, 0.47552414044546959, 0.5368880234480764, -1.0000000000001181, -0.0026967416041892836, -0.00053931131028312992]
    execution_time: -0.41274806070752285
  - positions: [-1.906362036381009, 0.68756083965215009, 1.3113682043122703, 2.713459609627463, -1.5707963267850593, 1.1394199700596486]
    velocities: [2.6951432842931643e-21, 1.7596029956975687e-18, 1.9866704843383567e-18, -3.7003442013467185e-18, -9.9788721575910932e-21, -1.9956374797266446e-21]
    accelerations: [0.00072834934742356918, 0.47552414044546765, 0.53688802344807429, -1.0000000000001139, -0.0026967416041892745, -0.00053931131028312753]
    execution_time: -0.41274806070752285