trajectory:
  - positions: [-1.9402408190131033, 0.56223152247736985, 1.679770481755958, 2.4703865766771984, -1.5707961936368422, 0.85386643712673149]
    velocities: [0, 0, 0, 0, 0, 0]
    accelerations: [0, 0, 0, 0, 0, 0]
    execution_time: 4.6808947515132222e-310