trajectory:
  - positions: [0.63806004109033221, 0.23740055451152267, -2.430740363845298, 0.62264193627542752, -1.5700575659085085, 0.53547827169378803]
    velocities: [0, 0, 0, 0, 0, 0]
    accelerations: [0, 0, 0, 0, 0, 0]
    execution_time: -0.2359058181609463