trajectory:
  - positions: [-0.35915746658604403, -0.16730139422018861, 2.6104621921126414, -0.87236402168912208, 1.5707963267948966, 1.3502399832172594]
    velocities: [0, 0, 0, 0, 0, 0]
    accelerations: [0, 0, 0, 0, 0, 0]
    execution_time: 4.6372507463179454e-310