trajectory:
  - positions: [0.42621939152268362, -0.40555192988312366, -1.9079402702579138, 0.74269550716149102, -1.5707963267948966, -2.3108853316184996]
    velocities: [0, 0, 0, 0, 0, 0]
    accelerations: [0, 0, 0, 0, 0, 0]
    execution_time: 0.037022516999999998