trajectory:
  - positions: [-1.849766179406223, 0.80586635400844309, 1.1364213040394679, 2.7693895259564281, -1.5709553175119744, 3.0584956359927049]
    velocities: [0, 0, 0, 0, 0, 0]
    accelerations: [0, 0, 0, 0, 0, 0]
    execution_time: -0.39058618912341014