trajectory:
  - positions: [2.2886476702002292, 0.43087592868868718, 1.9090682521376168, -0.76909915147297259, 1.5707963267948966, -2.4237386470233706]
    velocities: [-0, -0, -0, 0, -0, -0]
    accelerations: [0, 0, 0, 0, 0, 0]
    execution_time: -0.39041425737560143
  - positions: [2.2886474400036083, 0.4277179572382418, 1.9074779092828615, -0.76438384771222323, 1.5707963267504477, -2.4237402485067214]
    velocities: [-3.2344626390489257e-06, -0.044372244204907638, -0.022345699645505503, 0.066254117003744603, -6.2454643079298786e-10, -2.250223330089294e-05]
    accelerations: [4.881904378659993e-05, 0.66972810463071097, 0.33727262026959287, -0.99999999999979539, 9.4265301393658957e-09, 0.00033963524560468885]
    execution_time: -0.39041425737560143
  - positions: [2.2886473328553754, 0.4262480353086065, 1.9067376619834395, -0.76218904370225027, 1.5707963267297582, -2.4237409939395205]
    velocities: [3.3877307558859439e-22, 4.6474865588445474e-18, 2.3404572072326707e-18, -6.9393631933757615e-18, 6.5414116290375024e-26, 2.3568523225227702e-21]
    accelerations: [4.8819043786632368e-05, 0.66972810463115795, 0.33727262026982013, -1.0000000000004778, 9.4265301393721359e-09, 0.00033963524560491691]
    execution_time: -0.39041425737560143