trajectory:
  - positions: [-1.2837511039681775, 0.13792541246082637, 2.3985944115913873, -0.96572306449364009, 1.5707963267948966, -0.60274186450397393]
    velocities: [0, 0, 0, 0, 0, 0]
    accelerations: [0, 0, 0, 0, 0, 0]
    execution_time: 0