trajectory:
  - positions: [3.0202023089945644, 0.67101825747671684, 1.4511546137714137, 2.5902509299678118, -1.5707963267948966, -1.6921832092807083]
    velocities: [0, -0, -0, 0, 0, -0]
    accelerations: [0, 0, 0, 0, 0, 0]
    execution_time: -0.74018020346545299
  - positions: [3.0202026193606075, 0.66814194310750452, 1.4490705501683938, 2.5951909063337055, -1.5707963267703633, -1.6921849085124876]
    velocities: [5.3092354558097232e-06, -0.049203289428877764, -0.035650757005280767, 0.084505049067168977, 4.1967654273646462e-10, -2.9067682566964522e-05]
    accelerations: [-6.2827434744042307e-05, 0.58225265794199255, 0.42187724164201296, -1, -4.966289557478042e-09, 0.0003439756900662749]
    execution_time: -0.74018020346545299
  - positions: [3.0202028436892085, 0.66606297991377783, 1.4475642156833872, 2.5987614579926279, -1.5707963267526308, -1.6921861366954585]
    velocities: [-2.875877229064536e-22, 2.66521650511355e-18, 1.9311104418661216e-18, -4.5774226510771338e-18, -2.2732806312208568e-26, 1.5745221151292898e-21]
    accelerations: [-6.28274347440992e-05, 0.58225265794251357, 0.42187724164239587, -1.0000000000008922, -4.9662895574826345e-09, 0.00034397569006658948]
    execution_time: -0.74018020346545299