trajectory:
  - positions: [3.0766682483230783, 0.65297354345769421, 1.4819918886656593, 2.5774592346199432, -1.5707963267948966, -1.6357199331132843]
    velocities: [-0, -0, -0, 0, 0, -0]
    accelerations: [0, 0, 0, 0, 0, 0]
    execution_time: -0.74017854401406236
  - positions: [3.0766680834600799, 0.65017766600592919, 1.4799989603214629, 2.5822241020786709, -1.5707963267792524, -1.6357206290459634]
    velocities: [-2.3988663657866961e-06, -0.040681877929509121, -0.028998433951269036, 0.06933199314007496, 2.2763403502297962e-10, -1.0126283711109269e-05]
    accelerations: [3.4599702924158881e-05, 0.58676919683115303, 0.41825472827066706, -0.99999999999987532, -3.2832466616538052e-09, 0.00014605499211092288]
    execution_time: -0.74017854401406236
  - positions: [3.0766680003009865, 0.64876738816516211, 1.4789937007095719, 2.5846275647150589, -1.5707963267713612, -1.6357209800836798]
    velocities: [-2.1913040546032037e-22, -3.7161871677070603e-18, -2.6489339631772265e-18, 6.3333030905097496e-18, 2.0793796229160055e-26, -9.2501053292058207e-22]
    accelerations: [3.4599702924193412e-05, 0.58676919683173234, 0.41825472827108212, -1.0000000000008809, -3.2832466616570436e-09, 0.00014605499211106684]
    execution_time: -0.74017854401406236