trajectory:
  - positions: [-1.869730566518002, 0.63618550857805267, 1.5145711372289257, -0.57992709607748305, 1.5707963267948966, 3.4390174136070417]
    velocities: [-0, -0, -0, 0, -0, -0]
    accelerations: [0, 0, 0, 0, 0, 0]
    execution_time: -0.42932085432061007
  - positions: [-1.8697306510206708, 0.63324873130925363, 1.5125358245542913, -0.57497377817628226, 1.5707963267468352, 3.4390145835434676]
    velocities: [-1.4728615181400811e-06, -0.051187332587549823, -0.035475018110163001, 0.086335158445405652, -8.3769902894176596e-10, -4.9327338152275858e-05]
    accelerations: [1.7059811375354067e-05, 0.59289093237620849, 0.41089885915472674, -0.99999999999991651, 9.7028724337306684e-09, 0.00057134705073210075]
    execution_time: -0.42932085432061007
  - positions: [-1.8697307146005373, 0.63103909807458181, 1.5110044538995941, -0.57124689838438569, 1.5707963267106737, 3.43901245420169]
    velocities: [2.1000982955600058e-22, 7.2986108060671421e-18, 5.0582504974529451e-18, -1.2310208180811143e-17, 1.1944437961108817e-25, 7.0334011380052989e-21]
    accelerations: [1.7059811375341365e-05, 0.59289093237576962, 0.41089885915441549, -0.99999999999915112, 9.7028724337232403e-09, 0.00057134705073167032]
    execution_time: -0.42932085432061007