trajectory:
  - positions: [0.32263540802891538, -0.43391243167408189, -1.8570567160483693, 0.7201724880324184, -1.5707963267948966, 0.87463623073117769]
    velocities: [0, 0, 0, 0, 0, 0]
    accelerations: [0, 0, 0, 0, 0, 0]
    execution_time: 4.6372507393567581e-310