trajectory:
  - positions: [2.1606628061137463, 0.43169634875199969, 1.8191253126423708, -0.67998372270744134, 1.5707963267948966, -2.5517275058514888]
    velocities: [-0, -0, -0, 0, 0, 0]
    accelerations: [0, 0, 0, 0, 0, 0]
    execution_time: -0.31842026782760446
  - positions: [2.1606620111565498, 0.42916047174260419, 1.8174683850318945, -0.67582498189052487, 1.5707963267957132, -2.5517266628701565]
    velocities: [-8.0267321046920777e-06, -0.025604907396950146, -0.016730100818181423, 0.041991063884618506, 8.2447540347859577e-12, 8.5116347805559377e-06]
    accelerations: [0.00019115333983315641, 0.60977038989290477, 0.3984205035657169, -0.99999999999922351, -1.9634544286461963e-10, -0.0002027010985941474]
    execution_time: -0.31842026782760446
  - positions: [2.1606618426310393, 0.42862288309147162, 1.8171171276657683, -0.6749433571674438, 1.5707963267958862, -2.5517264841638565]
    velocities: [2.4122906394845613e-21, 7.695096539029358e-18, 5.027932298592674e-18, -1.26196625263787e-17, -2.4778132275450731e-27, -2.5580194579863814e-21]
    accelerations: [0.00019115333983324445, 0.60977038989340082, 0.39842050356618414, -1.0000000000004834, -1.9634544286480985e-10, -0.0002027010985944059]
    execution_time: -0.31842026782760446