trajectory:
  - positions: [-1.8734747046945444, -0.30945985129942549, -2.0056239537775844, 0.74426197851467557, -1.5707807473025197, 4.4738384562697142]
    velocities: [0, 0, 0, -0, -0, 0]
    accelerations: [0, 0, 0, 0, 0, 0]
    execution_time: 0.062466126869653575
  - positions: [-1.8734691168068731, -0.30726469603238488, -2.0042860064579151, 0.7407523146217333, -1.5707952533027003, 4.4738415439032559]
    velocities: [3.628538543486108e-05, 0.014254412335734809, 0.0086880655160991149, -0.022790276861501979, -9.4195846199246946e-05, 2.0049789787529603e-05]
    accelerations: [-0.0015921432484286219, -0.62546025317546927, -0.38121807685341658, 0.99999999999995037, 0.0041331593631651065, -0.0008797519183014876]
    execution_time: 0.062466126869653575
  - positions: [-1.8734687033298829, -0.3071022650305702, -2.0041870047486636, 0.74049261626202134, -1.5707963266774074, 4.4738417723733868]
    velocities: [5.5703093945732807e-21, 2.1882497869674029e-18, 1.3337384289846759e-18, -3.4986232552068955e-18, -1.4460367465446326e-20, 3.07792052018265e-21]
    accelerations: [-0.0015921432484282683, -0.62546025317533427, -0.38121807685333248, 0.99999999999973221, 0.0041331593631642165, -0.00087975191830130589]
    execution_time: 0.062466126869653575