trajectory:
  - positions: [0.38488506745480905, -0.21538972783909952, -2.0111837020272882, 0.65577678682111162, -1.5707963267948966, -1.3018920246815793]
    velocities: [0, 0, 0, 0, 0, 0]
    accelerations: [0, 0, 0, 0, 0, 0]
    execution_time: 4.6808947467124852e-310