trajectory:
  - positions: [2.7886332616772314, -0.70196678592550044, -1.2446865255183501, -2.7657913290076217, 1.5707963267948966, -0.35295483124919502]
    velocities: [0, -0, -0, 0, 0, -0]
    accelerations: [0, 0, 0, 0, 0, 0]
    execution_time: 0.82694327843714333
  - positions: [2.7886340069015656, -0.70256418950686184, -1.2454877907319566, -2.7643366733509747, 1.5707963268623326, -0.35295799309840831]
    velocities: [1.556505412459743e-21, -1.2477610634622825e-18, -1.6735546391713189e-18, 3.0382521058428564e-18, 1.4084965088475216e-25, -6.6039649911114963e-21]
    accelerations: [-0.00051230291570165043, 0.41068384715768036, 0.55082810144462957, -1.0000000000001488, -4.6358776684102494e-08, 0.0021736066531188795]
    execution_time: 0.82694327843714333