trajectory:
  - positions: [-3.9280709951253776, 0.70751781232263433, 1.3069895813240999, 2.6979204023108436, -1.5707963267948966, 0.7843173194690396]
    velocities: [0, -0, -0, 0, -0, 0]
    accelerations: [0, 0, 0, 0, 0, 0]
    execution_time: -0.46241873255115734
  - positions: [-3.9280701297968772, 0.70535226209653989, 1.3047366462368866, 2.7023085663510145, -1.570796326838698, 0.78431870054581521]
    velocities: [9.9641923584719073e-06, -0.024936147388277215, -0.02594237746787038, 0.050529377684757494, -5.0437140553602259e-10, 1.5902994822064408e-05]
    accelerations: [-0.0001971960236801461, 0.49349801107456548, 0.51341177462555454, -0.99999999999945444, 9.9817458406555761e-09, -0.0003147277000178262]
    execution_time: -0.46241873255115734
  - positions: [-3.9280698780546581, 0.70472225809184741, 1.3040812201423293, 2.7035851753556188, -1.5707963268514409, 0.7843191023300311]
    velocities: [2.4381521622394984e-22, -6.1016607754423973e-19, -6.3478766207421514e-19, 1.236410408656555e-18, -1.2341534453957674e-26, 3.8913260419478889e-22]
    accelerations: [-0.00019719602368037343, 0.49349801107514008, 0.51341177462614684, -1.0000000000006084, 9.9817458406671864e-09, -0.00031472770001818822]
    execution_time: -0.46241873255115734