trajectory:
  - positions: [0.47778914247660065, -0.25203429180637182, -2.1898093731899548, 0.87104702195105066, -1.5707963267948966, -0.26634062673470937]
    velocities: [0, 0, 0, 0, 0, 0]
    accelerations: [0, 0, 0, 0, 0, 0]
    execution_time: 0.040877663000000002