trajectory:
  - positions: [-1.9650791903938909, 0.70698817616084486, 1.2763886619765989, -0.4125595389489628, 1.5707963267948966, 0.39651718917454348]
    velocities: [-0, -0, -0, 0, 0, 0]
    accelerations: [0, 0, 0, 0, 0, 0]
    execution_time: -0.54007781680681932
  - positions: [-1.9650798543429899, 0.70472694893492038, 1.2736932094137516, -0.40761477296937082, 1.5707963267981113, 0.39651818046906018]
    velocities: [-1.1431499931836776e-05, -0.03893253098290065, -0.046408777151127185, 0.085136182908353397, 5.534748103367234e-11, 1.7067548117553408e-05]
    accelerations: [0.00013427310858118264, 0.45729711684189933, 0.54511226091849885, -1.0000000000003535, -6.501052683237138e-10, -0.00020047349475289474]
    execution_time: -0.54007781680681932
  - positions: [-1.9650803409601247, 0.70306966539549764, 1.2717176763437059, -0.40399068814926847, 1.5707963268004672, 0.39651890700200931]
    velocities: [1.7555366250289748e-21, 5.9788728034900622e-18, 7.1270006995941886e-18, -1.3074372400994757e-17, -8.4997183779098572e-27, -2.6210651269273138e-21]
    accelerations: [0.00013427310858127163, 0.45729711684219798, 0.54511226091886, -1.0000000000010112, -6.5010526832414197e-10, -0.00020047349475302862]
    execution_time: -0.54007781680681932