trajectory:
  - positions: [-1.7862942621980373, 0.44176060095897729, 1.6589163325239835, 2.6115562186884458, -1.5699307994406209, 2.6282355965956121]
    velocities: [0, 0, 0, 0, 0, 0]
    accelerations: [0, 0, 0, 0, 0, 0]
    execution_time: -0.29120869429331947