trajectory:
  - positions: [0.92131238989256048, 0.16092457150329156, -2.2969830980960682, 0.56461178928065536, -1.5702208176833305, -1.802064303750996]
    velocities: [0, 0, 0, 0, 0, 0]
    accelerations: [0, 0, 0, 0, 0, 0]
    execution_time: -0.16281285342892537