trajectory:
  - positions: [0.58697934638109461, -0.43242335844007773, -1.8577699105882926, 0.719362554165898, -1.5707963267948966, 1.3277583762431373]
    velocities: [-0, 0, 0, -0, -0, 0]
    accelerations: [0, 0, 0, 0, 0, 0]
    execution_time: -0.57305127362964758
  - positions: [0.58697706486246037, -0.43033987445157679, -1.8565608616351736, 0.7161027060756977, -1.5707963268144218, 1.3277594994106072]
    velocities: [-1.1596922781574782e-05, 0.010590315840071642, 0.0061455765200529909, -0.016569755782339404, -9.9247646463497271e-11, 5.7090423127898083e-06]
    accelerations: [0.00069988495509001728, -0.63913530043451416, -0.37089119482396854, 1.0000000000000404, 5.9896867381281678e-09, -0.00034454595395273828]
    execution_time: -0.57305127362964758
  - positions: [0.58697696878337124, -0.4302521349780129, -1.8565099462841341, 0.7159654276723546, -1.5707963268152443, 1.3277595467093257]
    velocities: [3.2954767081971344e-21, -3.0094310224136944e-18, -1.746377436646833e-18, 4.7085977262840128e-18, 2.8203025356302778e-26, -1.6223282953821564e-21]
    accelerations: [0.00069988495509013264, -0.63913530043461775, -0.37089119482402799, 1.0000000000001983, 5.9896867381291389e-09, -0.00034454595395279314]
    execution_time: -0.57305127362964758