trajectory:
  - positions: [-0.75089744410768977, 0.49883094469688483, 1.7220829183131914, -0.6500075143726457, 1.570286198288092, -1.2738249699532342]
    velocities: [0, 0, 0, 0, 0, 0]
    accelerations: [0, 0, 0, 0, 0, 0]
    execution_time: 0.51794495002550378