trajectory:
  - positions: [-1.447783451305537, 0.19934807714446634, 2.208386120215748, -0.83693765418347932, 1.5707963267948966, -0.59368904758949481]
    velocities: [0, 0, 0, 0, 0, 0]
    accelerations: [0, 0, 0, 0, 0, 0]
    execution_time: 0