trajectory:
  - positions: [-1.8673606194639405, 0.58055213998532462, 1.6230977479687991, 2.5089624650669964, -1.5704100352787806, -0.15576702715721685]
    velocities: [0, 0, 0, 0, 0, 0]
    accelerations: [0, 0, 0, 0, 0, 0]
    execution_time: -0.35195793502711809