trajectory:
  - positions: [-2.0792150841797437, 0.99183449345451269, 0.76852690473374186, 2.9520629356599062, -1.5707963267948966, 3.8834595847571332]
    velocities: [-0, -0, -0, 0, -0, 0]
    accelerations: [0, 0, 0, 0, 0, 0]
    execution_time: -0.61083440459729643
  - positions: [-2.0792163079748196, 0.99042271965647988, 0.76516348604229256, 2.9568142330013401, -1.5707963268140719, 3.8834618915037735]
    velocities: [-1.7633136021160036e-05, -0.020341640444854037, -0.048462050919414572, 0.06845939647038897, -2.7628936182481784e-10, 3.3236918559230697e-05]
    accelerations: [0.00025757071973006026, 0.29713438174490597, 0.70789480214576428, -1.0000000000002054, 4.0358135781167912e-09, -0.00048549827011129667]
    execution_time: -0.61083440459729643
  - positions: [-2.0792169115517445, 0.98972643144244365, 0.76350464466346235, 2.959157577483885, -1.5707963268235292, 3.8834630291934658]
    velocities: [2.2150808748842851e-22, 2.555324172574753e-19, 6.0878202278054853e-19, -8.5998939522558706e-19, 3.470756878287135e-27, -4.1752336369600041e-22]
    accelerations: [0.00025757071973010065, 0.29713438174494911, 0.70789480214587575, -1.0000000000003608, 4.03581357811739e-09, -0.00048549827011137609]
    execution_time: -0.61083440459729643