trajectory:
  - positions: [0.4828238485173954, 0.19664813114183038, -2.5742522560352699, 0.80610623824363192, -1.5699098936260638, -0.035117407529679991]
    velocities: [0, 0, 0, 0, 0, 0]
    accelerations: [0, 0, 0, 0, 0, 0]
    execution_time: -0.25296154678725019