trajectory:
  - positions: [4.17712396131519, 0.6207890419470049, 1.503958173968851, -0.55392342527221772, 1.5707963267948966, 0.86347911708137248]
    velocities: [0, -0, -0, 0, 0, 0]
    accelerations: [0, 0, 0, 0, 0, 0]
    execution_time: -0.61924361909004078
  - positions: [4.1771247538585623, 0.6180020308383547, 1.501768626101093, -0.54896217644647172, 1.5707963268139919, 0.86347974084469181]
    velocities: [1.3985832424562253e-05, -0.049181750424985467, -0.038638452656829178, 0.087550028339238611, 3.3697336452810951e-10, 1.1007409264086383e-05]
    accelerations: [-0.00015974674925725951, 0.56175596236769687, 0.44132998457917794, -1.0000000000008635, -3.8489235345840681e-09, -0.00012572707825341293]
    execution_time: -0.61924361909004078
  - positions: [4.1771253660885748, 0.61584909901661433, 1.5000772272885481, -0.54512967271537094, 1.570796326828743, 0.86348022269418834]
    velocities: [2.1703280309914305e-21, -7.6320470830974916e-18, -5.995933193649457e-18, 1.3586054433559462e-17, 5.2291684651422518e-26, 1.7081349289217699e-21]
    accelerations: [-0.00015974674925733226, 0.56175596236794989, 0.44132998457937583, -1.0000000000013178, -3.848923534585849e-09, -0.00012572707825346906]
    execution_time: -0.61924361909004078