trajectory:
  - positions: [1.3841023427937258, -1.0874314571020516, -0.71012245044775912, -2.9148348730977975, 1.5707963267948966, 3.061964669628642]
    velocities: [0, 0, 0, 0, 0, 0]
    accelerations: [0, 0, 0, 0, 0, 0]
    execution_time: 4.6808947438113317e-310