trajectory:
  - positions: [1.4859980818934655, -0.22862420700770741, -2.2380883558534017, -2.2456759681151466, 1.5707963267948966, 2.8280421868560062]
    velocities: [0, 0, 0, 0, 0, 0]
    accelerations: [0, 0, 0, 0, 0, 0]
    execution_time: 4.6372507473614121e-310