trajectory:
  - positions: [-2.2348893667519985, 0.06383182678475291, 2.2800206261650264, -0.77305594306255787, 1.5707964599529511, -3.1028204902276566]
    velocities: [0, 0, 0, 0, 0, 0]
    accelerations: [0, 0, 0, 0, 0, 0]
    execution_time: 4.6372509491781376e-310