trajectory:
  - positions: [1.004521992624732, -0.38619128139046566, -1.9077173636746743, -2.4178040588502379, 1.5699776710758062, -1.3371706533257499]
    velocities: [0, 0, 0, 0, 0, 0]
    accelerations: [0, 0, 0, 0, 0, 0]
    execution_time: -0.16413965640937334