trajectory:
  - positions: [-2.1619681545220484, 0.55095742947668291, 1.6353542810956163, -0.61634875346151574, 1.5707056461597795, -2.7139925794894717]
    velocities: [-0, 0, -0, 0, 0, 0]
    accelerations: [0, 0, 0, 0, 0, 0]
    execution_time: -0.62837738472428817
  - positions: [-2.1620015963547607, 0.55100528409888272, 1.6350562392567995, -0.61526484856099484, 1.5707961316784476, -2.713491042729486]
    velocities: [-1.8192776076720841e-19, 2.603351417385668e-19, -1.621384952709979e-18, 5.8965784899537581e-18, 4.9225256087882326e-19, 2.7284228251309355e-18]
    accelerations: [0.030853105928659284, -0.044150203746476747, 0.27497046897150573, -0.99999999999993772, -0.08348104951328357, -0.46271288167863639]
    execution_time: -0.62837738472428817