trajectory:
  - positions: [4.3307555993313542, 0.72065538571707699, 1.2869333151547131, -0.43678248709134665, 1.5707963267948966, 0.37111229685086888]
    velocities: [0, -0, -0, 0, -0, -0]
    accelerations: [0, 0, 0, 0, 0, 0]
    execution_time: -0.52913709468960979
  - positions: [4.3307562072223291, 0.71824372767251687, 1.28440476093308, -0.43184785889291366, 1.5707963267917799, 0.37111105460660071]
    velocities: [1.0326854171146932e-05, -0.040969255939715461, -0.042955088635886533, 0.083829482411469855, -5.2944452746764994e-11, -2.1103250304107852e-05]
    accelerations: [-0.00012318880988035203, 0.48872132764282633, 0.51241028096867125, -1.0000000000008138, 6.3157317955194968e-10, 0.00025174019565743315]
    execution_time: -0.52913709468960979
  - positions: [4.3307566400697493, 0.71652651191241212, 1.2826043095094375, -0.42833416783222622, 1.5707963267895608, 0.37111017006932562]
    velocities: [1.6132184306786589e-21, -6.4000476503097246e-18, -6.7102662176114901e-18, 1.3095494893138013e-17, -8.2707633474590482e-27, -3.2966624466268368e-21]
    accelerations: [-0.00012318880988011879, 0.48872132764193038, 0.51241028096770125, -0.9999999999988759, 6.3157317955074738e-10, 0.0002517401956569483]
    execution_time: -0.52913709468960979