trajectory:
  - positions: [0.50693883876709023, 0.68899020061895311, 1.445424955844163, -0.56361257123965769, 1.5707963267948966, 0.74006283926589311]
    velocities: [0, -0, -0, 0, 0, 0]
    accelerations: [0, 0, 0, 0, 0, 0]
    execution_time: 0.93439413881651912
  - positions: [0.50693941808375242, 0.68813932631203034, 1.4448648904001582, -0.56220756312239761, 1.5707963268059233, 0.74006605061858244]
    velocities: [-7.2385082769910458e-22, 1.0631596008272366e-18, 6.9979660807797123e-19, -1.7555446873316353e-18, -1.377780380875703e-26, -4.0125555743315054e-21]
    accelerations: [-0.00041232264431801058, 0.60560099010812951, 0.39862078882284124, -0.99999999999987599, -7.8481646797023937e-09, -0.0022856470719808042]
    execution_time: 0.93439413881651912