trajectory:
  - positions: [1.6114553397893543, 0.61486424089087832, 1.5465345297901112, -0.59056502647277731, 1.5707963267948966, 0.98936061653891083]
    velocities: [0, -0, -0, 0, 0, 0]
    accelerations: [0, 0, 0, 0, 0, 0]
    execution_time: 0.11811102147474549
  - positions: [1.6114558618549644, 0.61254516229801004, 1.5449550117969959, -0.58669902633269966, 1.5707963268329324, 0.98936215569654962]
    velocities: [4.4090893077160742e-06, -0.019585708059618342, -0.013339771400247951, 0.032650187162631426, 3.2123118604859338e-10, 1.2998909249454503e-05]
    accelerations: [-0.00013504024604067924, 0.59986510833953011, 0.40856646039429712, -0.99999999999998013, -9.8385710455051462e-09, -0.00039812663813246148]
    execution_time: 0.11811102147474549
  - positions: [1.61145593383376, 0.61222542378108036, 1.5447372387805334, -0.58616600897182225, 1.5707963268381766, 0.98936236790495957]
    velocities: [-1.6351835136341482e-21, 7.2636829709691421e-18, 4.9472743115364505e-18, -1.210886059213438e-17, -1.1913388521583308e-25, -4.8208599591612555e-21]
    accelerations: [-0.00013504024604070255, 0.59986510833963558, 0.40856646039436784, -1.0000000000001501, -9.838571045506746e-09, -0.00039812663813253347]
    execution_time: 0.11811102147474549