trajectory:
  - positions: [-3.206517058856508, 0.36469997086768968, 1.927189731775061, -0.72106551252494921, 1.5707963267948966, 1.505872720476509]
    velocities: [-0, -0, -0, 0, -0, -0]
    accelerations: [0, 0, 0, 0, 0, 0]
    execution_time: -0.7401793873073077
  - positions: [-3.2065172239457556, 0.361760943857171, 1.9253480013874142, -0.71630308391652797, 1.570796326788874, 1.5058724586341206]
    velocities: [-2.3978893281188237e-06, -0.042688797782292412, -0.026750776976995034, 0.069173352640137575, -8.7474501963639994e-11, -3.803209951924985e-06]
    accelerations: [3.4664928568596918e-05, 0.61712778335911445, 0.38672083910957605, -1.0000000000008058, 1.2645693554681619e-09, 5.4980853273277087e-05]
    execution_time: -0.7401793873073077
  - positions: [-3.2065173068807775, 0.36028448022578197, 1.9244227809228007, -0.71391060755878955, 1.5707963267858487, 1.5058723270937289]
    velocities: [3.7064485479727302e-22, 6.5984626854738096e-18, 4.1349021958953542e-18, -1.0692214584089375e-17, 1.3521046905118259e-26, 5.8786708121373625e-22]
    accelerations: [3.466492856857541e-05, 0.61712778335873109, 0.38672083910933225, -1.0000000000001763, 1.2645693554673635e-09, 5.4980853273242351e-05]
    execution_time: -0.7401793873073077