trajectory:
  - positions: [0.42676121164646025, -0.34529914193208511, -1.8748492952911888, 0.64935171095421373, -1.5707963267948966, 4.0144815177507427]
    velocities: [0, 0, 0, 0, 0, 0]
    accelerations: [0, 0, 0, 0, 0, 0]
    execution_time: 0.041926294000000003