trajectory:
  - positions: [-1.0726633633302078, 0.14344909152251653, 2.1659671572149115, -0.73861960569215201, 1.5707963267948966, -3.4473328677947048]
    velocities: [0, 0, 0, 0, 0, 0]
    accelerations: [0, 0, 0, 0, 0, 0]
    execution_time: 4.6372509490231986e-310