trajectory:
  - positions: [0.68479452347958769, -0.92152524304268502, -0.96768514842675601, -2.8232032231553319, 1.5707963267948966, -2.509790175533793]
    velocities: [0, 0, 0, -0, 0, -0]
    accelerations: [0, 0, 0, 0, 0, 0]
    execution_time: -0.6218732400607877
  - positions: [0.68479528838198556, -0.92032582400462803, -0.96623081308742553, -2.8258320488116491, 1.5707963268365503, -2.509794294865352]
    velocities: [7.5959989453628878e-07, 0.0011911043517231778, 0.0014442535065539311, -0.0026106019496181729, 4.1364999875136619e-11, -4.090775275430214e-06]
    accelerations: [-0.00029096733596150975, -0.45625659319585077, -0.55322624223322636, 1.0000000000000457, -1.5845004590297104e-08, 0.0015669854517762554]
    execution_time: -0.6218732400607877
  - positions: [0.6847952893734921, -0.92032426925495658, -0.9662289279019155, -2.8258354564329187, 1.5707963268366043, -2.5097943002050447]
    velocities: [1.5381885229995778e-21, 2.4119843310851284e-18, 2.9246109485564466e-18, -5.2864646057835333e-18, 8.3764055945079406e-26, -8.2838131285925073e-21]
    accelerations: [-0.00029096733596154319, -0.45625659319590262, -0.55322624223329009, 1.0000000000001605, -1.5845004590298914e-08, 0.0015669854517764334]
    execution_time: -0.6218732400607877