trajectory:
  - positions: [0.93461081821684389, 0.87472324951979608, 1.0915572928418296, 2.746132939105093, -1.5707963267948966, -0.6361880385810883]
    velocities: [-0, -0, -0, 0, 0, 0]
    accelerations: [0, 0, 0, 0, 0, 0]
    execution_time: 0.65863202836067736
  - positions: [0.93460831360815244, 0.87403845905901134, 1.0909276802751244, 2.7474225142556601, -1.5707963267639042, -0.63618801318674345]
    velocities: [-4.0986602211191561e-21, -1.1206235253464278e-18, -1.0303278075675598e-18, 2.1103218198623145e-18, 5.0717299212038374e-26, 4.1556507980731865e-23]
    accelerations: [0.0019421967694894635, 0.53102020497503744, 0.48823255195973964, -1.0000000000001357, -2.403296915887182e-08, -1.9692024026671349e-05]
    execution_time: 0.65863202836067736