trajectory:
  - positions: [1.08641246508996, -0.61014938049700207, -1.609645322354482, 0.64787445549754674, -1.5702603656255181, 2.9267125715595506]
    velocities: [0, -0, -0, 0, -0, -0]
    accelerations: [0, 0, 0, 0, 0, 0]
    execution_time: -0.28762665763015083
  - positions: [1.086470823995757, -0.61015381630538446, -1.6100542177571282, 0.64941133851195409, -1.5707964149692279, 2.9264974566377591]
    velocities: [2.2423910745973385e-20, -1.7044214570935293e-21, -1.5711456354709547e-19, 5.9053416220597186e-19, -2.0597237858786671e-19, -8.2656070063425195e-20]
    accelerations: [-0.037972249839371856, 0.0028862368448359737, 0.2660549949560192, -0.99999999999981803, 0.34878994606917985, 0.13996831234054946]
    execution_time: -0.28762665763015083