trajectory:
  - positions: [0.42676121164646025, -0.34629672878691514, -1.8756193483203851, 0.65111931754872654, -1.5707963267948966, -2.2687037894288435]
    velocities: [0, 0, 0, 0, 0, 0]
    accelerations: [0, 0, 0, 0, 0, 0]
    execution_time: 0