trajectory:
  - positions: [-1.5632044534754077, 0.61915858814863112, 1.580320589801347, -0.62865295717184533, 1.5707963267948966, 3.1435910896717885]
    velocities: [-0, -0, -0, 0, 0, 0]
    accelerations: [0, 0, 0, 0, 0, 0]
    execution_time: -0.14926223610745976
  - positions: [-1.5632063518769761, 0.61635329204646561, 1.5786544229123423, -0.62420395611624857, 1.5707963267970175, 3.1435931428115254]
    velocities: [-2.2637997359008414e-05, -0.033452503837396903, -0.019868652797524172, 0.053053303275204459, 2.5293023758387634e-11, 2.4483214043668646e-05]
    accelerations: [0.00042670288109270021, 0.63054516443354014, 0.37450359489331719, -1.0000000000002784, -4.7674738794663744e-10, -0.00046148331078788848]
    execution_time: -0.14926223610745976
  - positions: [-1.5632069523872458, 0.61546590913076549, 1.578127374081074, -0.62279662962204319, 1.5707963267976885, 3.1435937922692152]
    velocities: [-1.8653064833077074e-21, -2.7563910049641249e-18, -1.6371203817224492e-18, 4.3714410330006136e-18, 2.0840730940452261e-27, 2.0173470808226035e-21]
    accelerations: [0.00042670288109283129, 0.63054516443372777, 0.37450359489343366, -1.0000000000005778, -4.7674738794678313e-10, -0.00046148331078802991]
    execution_time: -0.14926223610745976