trajectory:
  - positions: [0.019766274974406934, 0.68329416510046437, 1.4347063982468664, -0.54682786531137872, 1.5696062932617947, -0.41547250454929147]
    velocities: [-0, 0, -0, -0, 0, -0]
    accelerations: [0, 0, 0, 0, 0, 0]
    execution_time: 0.98689647141417958
  - positions: [0.019602045398247663, 0.68343350593081387, 1.4345902928857852, -0.54722747952333395, 1.5707962212091107, -0.41586995573780577]
    velocities: [8.5093494230258569e-19, -7.2197702878350696e-19, 6.0158536022058959e-19, 2.070550897991918e-18, -6.1654623538185236e-18, 2.0593434634363454e-18]
    accelerations: [0.13801640387529859, -0.11710022498739947, 0.097573438243117247, 0.33583059617734817, -0.99999999999997724, 0.33401281935666399]
    execution_time: 0.98689647141417958