trajectory:
  - positions: [-3.198323311130661, 0.54447695985911126, 1.7352043130040118, -0.7088568497187262, 1.5707963267948966, 1.5140687318892823]
    velocities: [-0, -0, -0, 0, -0, -0]
    accelerations: [0, 0, 0, 0, 0, 0]
    execution_time: 0
  - positions: [-3.1983245949088404, 0.54343199097096118, 1.7346597158596189, -0.70729505324078679, 1.5707963267255838, 1.5140650390656698]
    velocities: [1.4228442618782567e-22, 1.1581658033292594e-19, 6.0359097421860967e-20, -1.7309790683928095e-19, 7.682112819058073e-27, 4.0928510639625912e-22]
    accelerations: [0.00082198813830777924, 0.66908134504731054, 0.34869917565144282, -0.99999999999977729, 4.438016010320159e-08, 0.0023644717251040106]
    execution_time: 0