trajectory:
  - positions: [0.89025986500320931, -0.11494074267916692, -2.0689844176941499, 0.61351262005863583, -1.5711772919888325, -1.0521225350004813]
    velocities: [0, 0, 0, 0, 0, 0]
    accelerations: [0, 0, 0, 0, 0, 0]
    execution_time: -0.27827327159311249