trajectory:
  - positions: [0.73332044775511229, -0.46586959909621933, -1.8191004120861785, -2.4275102157591406, 1.5702752793276227, -0.977735119432388]
    velocities: [0, 0, -0, 0, 0, 0]
    accelerations: [0, 0, 0, 0, 0, 0]
    execution_time: -0.34207767417182167
  - positions: [0.73344832244668379, -0.46575184251797458, -1.8191581513762234, -2.4274783436965697, 1.5707962712186467, -0.9766500457220143]
    velocities: [3.414987211240213e-19, 3.1447755908792084e-19, -1.5419699916092872e-19, 8.5116675346773504e-20, 1.391346968772376e-18, 2.8977687442611678e-18]
    accelerations: [-0.11784885243184381, -0.10852403585025297, 0.053212320502219308, -0.029373177385306135, -0.48014423909013948, -1.0000000000000659]
    execution_time: -0.34207767417182167