trajectory:
  - positions: [-0.50517848928654785, -0.58123097974718585, -1.6855795018836932, 0.69600276982232245, -1.5707963267948966, 1.0656142422408772]
    velocities: [-0, 0, 0, -0, 0, 0]
    accelerations: [0, 0, 0, 0, 0, 0]
    execution_time: -0.84868419460039202
  - positions: [-0.50517863169509092, -0.57923250395169368, -1.6845898670567683, 0.69302553298282765, -1.5707963267767171, 1.0656176351357243]
    velocities: [-4.8070283301625955e-07, 0.0067458942809064011, 0.0033405317863732767, -0.010049721399555501, 6.1365345495921801e-11, 1.1452783163599071e-05]
    accelerations: [4.7832453647676653e-05, -0.67125186984838836, -0.33240043714259832, 1.0000000000000877, -6.1061737988718069e-09, -0.0011396120059712937]
    execution_time: -0.84868419460039202
  - positions: [-0.50517863411055575, -0.57919860677263668, -1.6845730813498785, 0.69297503453272336, -1.5707963267764087, 1.0656176926843641]
    velocities: [1.7432953630859896e-22, -2.4464358044202839e-18, -1.2114622950909282e-18, 3.6445869491180117e-18, -2.2254481336412614e-26, -4.1534150440208082e-21]
    accelerations: [4.7832453647679804e-05, -0.67125186984843388, -0.33240043714262041, 1.0000000000001554, -6.1061737988722279e-09, -0.0011396120059713702]
    execution_time: -0.84868419460039202