trajectory:
  - positions: [-0.61730995487795259, -0.43801589686070325, -1.848606505909548, 0.71579318593589203, -1.5707963267948966, 0.95348111217379106]
    velocities: [-0, 0, 0, -0, 0, 0]
    accelerations: [0, 0, 0, 0, 0, 0]
    execution_time: -0.74018063870316841
  - positions: [-0.61731152509854603, -0.43594766554112391, -1.8473953742388101, 0.71254510849879926, -1.5707963267635485, 0.95348459531864937]
    velocities: [-7.8741473210023884e-06, 0.010371509692481025, 0.0060734327649990486, -0.016288055548635719, 1.5720055457244549e-10, 1.7466842473560513e-05]
    accelerations: [0.00048343077523824954, -0.63675554528345391, -0.37287647668333174, 0.99999999999978073, -9.6512781469226334e-09, -0.0010723712490665956]
    execution_time: -0.74018063870316841
  - positions: [-0.61731158922582052, -0.43586319967812676, -1.8473459120336864, 0.71241245812202159, -1.5707963267622682, 0.95348473756909957]
    velocities: [-3.2052712141326257e-21, 4.2218541397794186e-18, 2.4722675889867904e-18, -6.630258929114013e-18, 6.3990473111011231e-26, 7.1100990494505425e-21]
    accelerations: [0.00048343077523835341, -0.63675554528359035, -0.37287647668341295, 0.99999999999999245, -9.6512781469247476e-09, -0.0010723712490668287]
    execution_time: -0.74018063870316841