trajectory:
  - positions: [-1.0726633633302078, 0.1186378510953342, 2.148109863157603, -0.69595103791814772, 1.5707963267948966, -3.4473328677947048]
    velocities: [0, 0, 0, 0, 0, 0]
    accelerations: [0, 0, 0, 0, 0, 0]
    execution_time: 4.6372509490231986e-310