trajectory:
  - positions: [2.2886476702002292, 0.35360830440167318, 1.8608493237567512, -0.64362990935217845, 1.5707963267948966, -2.4237386470233706]
    velocities: [-0, -0, -0, 0, -0, -0]
    accelerations: [0, 0, 0, 0, 0, 0]
    execution_time: -0.39042035661814828
  - positions: [2.2886474426665782, 0.35095894015270829, 1.8587397402993857, -0.6388919144214642, 1.5707963267666325, -2.4237402299667461]
    velocities: [-3.2476599809936644e-06, -0.037815216336203307, -0.030110753872639943, 0.067626904595995851, -4.0342188492281475e-10, -2.2593852926560477e-05]
    accelerations: [4.8023194324737919e-05, 0.55917414174310376, 0.4452481457272921, -1.0000000000001488, 5.9654051495172434e-09, 0.00033409562453789082]
    execution_time: -0.39042035661814828
  - positions: [2.2886473328519821, 0.34968027713898558, 1.8577215917596563, -0.63660521530884628, 1.5707963267529914, -2.4237409939429142]
    velocities: [-6.5232053819921306e-22, -7.5955125896536831e-18, -6.0480048055322718e-18, 1.3583447485567584e-17, -8.1030767578591814e-26, -4.5381703710677182e-21]
    accelerations: [4.8023194324675963e-05, 0.55917414174236335, 0.44524814572671184, -0.99999999999881972, 5.9654051495094588e-09, 0.00033409562453745037]
    execution_time: -0.39042035661814828