trajectory:
  - positions: [-1.8531555845255667, -0.61419432271866892, -1.5716859557570375, 0.61502895740429975, -1.5708040499620579, 0.66634421002654598]
    velocities: [-0, 0, 0, -0, 0, -0]
    accelerations: [0, 0, 0, 0, 0, 0]
    execution_time: 0
  - positions: [-1.8531563214143065, -0.61238989758912477, -1.570542461050962, 0.61213507496332986, -1.5707964158890189, 0.66634212812914306]
    velocities: [-2.0918633793605269e-06, 0.00512236195956623, 0.0032461273607106273, -0.0082150891651712153, 2.1671436898237873e-05, -5.9100440833578698e-06]
    accelerations: [0.00025463672241431102, -0.62353090229172703, -0.39514207276932856, 0.99999999999999556, -0.0026380038563812796, 0.00071941326071226646]
    execution_time: 0
  - positions: [-1.8531563300067286, -0.61236885725900769, -1.570529127438107, 0.61210133111833398, -1.5707963268726255, 0.66634210385337345]
    velocities: [3.109597340014161e-22, -7.6144949432243205e-19, -4.8254341587540437e-19, 1.2211896660194291e-18, -3.221503048332242e-21, 8.7854003957916639e-22]
    accelerations: [0.00025463672241429118, -0.62353090229167918, -0.3951420727692983, 0.99999999999991718, -0.0026380038563810783, 0.00071941326071221106]
    execution_time: 0