trajectory:
  - positions: [-1.1432236832538027, 0.54609130153289009, 1.729935515103399, 2.436361764274237, -1.5707963267948966, 1.4102971952757453]
    velocities: [0, 0, 0, 0, 0, 0]
    accelerations: [0, 0, 0, 0, 0, 0]
    execution_time: 4.6808947464255318e-310