trajectory:
  - positions: [-4.5948365172363745, -0.27569073565062535, -2.0349699916194397, 0.73986410086954602, -1.5707963267948966, 0.6016904485056106]
    velocities: [0, 0, 0, 0, 0, 0]
    accelerations: [0, 0, 0, 0, 0, 0]
    execution_time: 4.6372507430879418e-310