trajectory:
  - positions: [-1.8233388329610396, 0.24010076683026763, 2.0776068011974451, -0.74758240776178642, 1.5708040499620579, -0.42661893226522274]
    velocities: [0, 0, 0, 0, 0, 0]
    accelerations: [0, 0, 0, 0, 0, 0]
    execution_time: -0.31793293048068438