trajectory:
  - positions: [-1.636078927228227, -0.35798058241082442, 2.7097136785660414, -0.77995479528738088, 1.5710140402140105, -2.1515165788240327]
    velocities: [0, -0, 0, -0, -0, -0]
    accelerations: [0, 0, 0, 0, 0, 0]
    execution_time: -0.17416031659944317
  - positions: [-1.6359523630941162, -0.35821585487443613, 2.7100542467385096, -0.78104169578000304, 1.5707961352828519, -2.1520332715043025]
    velocities: [5.2884402527274262e-19, -9.8307816480851886e-19, 1.4230527824742549e-18, -4.5415775616644619e-18, -9.1050850804047978e-19, -2.1589831809977784e-18]
    accelerations: [-0.11644500574795914, 0.21646182443449699, -0.31333887028297802, 1.0000000000001472, 0.20048287091389402, 0.47538177025140171]
    execution_time: -0.17416031659944317