trajectory:
  - positions: [1.7473073148939859, -0.31683384475223225, -2.0143089215664962, 0.76034613991820921, -1.5707961936368422, 0.90444805544768814]
    velocities: [0, 0, 0, 0, 0, 0]
    accelerations: [0, 0, 0, 0, 0, 0]
    execution_time: 4.6372509451109892e-310