trajectory:
  - positions: [2.3893551068215757, 0.63545853217948833, 1.5094823690180024, -0.57411048594064096, 1.5707963267948966, -0.75223261992020096]
    velocities: [0, -0, -0, 0, 0, -0]
    accelerations: [0, 0, 0, 0, 0, 0]
    execution_time: -0.58831560812301742
  - positions: [2.3893571006404217, 0.63318497527090056, 1.5078885298232174, -0.5702729186579929, 1.5707963267982914, -0.75223440157407839]
    velocities: [1.6527537075225469e-05, -0.018846394280542196, -0.013211950741693537, 0.031811082367767668, 2.8141450177198326e-11, -1.4768819429728304e-05]
    accelerations: [-0.00051955280503018829, 0.59244743899792451, 0.41532540732018897, -0.99999999999966949, -8.846429634756107e-10, 0.00046426648609378482]
    execution_time: -0.58831560812301742
  - positions: [2.3893573635198435, 0.63288521317050361, 1.5076783865965759, -0.5697669461772884, 1.570796326798739, -0.7522346364801441]
    velocities: [4.1073595595857604e-21, -4.6836329792865629e-18, -3.2833828738472715e-18, 7.9055670950438998e-18, 6.9936043029172927e-27, -3.6702898557958872e-21]
    accelerations: [-0.00051955280503006545, 0.59244743899778562, 0.41532540732009149, -0.99999999999943623, -8.8464296347541331e-10, 0.00046426648609367558]
    execution_time: -0.58831560812301742