trajectory:
  - positions: [3.0202023089945644, 0.70204468338738524, 1.4703337678357831, 2.5400322339244057, -1.5707963267948966, -1.6921832092807083]
    velocities: [0, -0, -0, 0, 0, -0]
    accelerations: [0, 0, 0, 0, 0, 0]
    execution_time: -0.7401799908742841
  - positions: [3.0202026265883228, 0.69887509047149199, 1.4685712156860782, 2.544951292800028, -1.5707963267791121, -1.692184948092661]
    velocities: [5.2946643906797881e-06, -0.05284087076208651, -0.029383833452866669, 0.082006541917256828, 2.6314571298610964e-10, -2.8988056228876987e-05]
    accelerations: [-6.4563927058726225e-05, 0.64434945708899194, 0.35831084649976391, -1.0000000000008102, -3.2088380613809854e-09, 0.00035348468001674039]
    execution_time: -0.7401799908742841
  - positions: [3.0202028436868815, 0.6967084419299443, 1.4673663824012071, 2.5483138292586411, -1.5707963267683223, -1.6921861366977851]
    velocities: [-8.4513849102944987e-22, 8.4345013178103053e-18, 4.6902705880151203e-18, -1.3089948668416992e-17, -4.2003525508704796e-26, 4.6270963164871153e-21]
    accelerations: [-6.4563927058679279e-05, 0.64434945708852209, 0.35831084649950556, -1.0000000000000955, -3.2088380613786188e-09, 0.00035348468001648214]
    execution_time: -0.7401799908742841