trajectory:
  - positions: [1.2452765488578572, -0.59202663585804005, -1.6265235052370226, 0.64775354798405715, -1.5707963267948966, -3.2916479325780896]
    velocities: [0, 0, 0, 0, 0, 0]
    accelerations: [0, 0, 0, 0, 0, 0]
    execution_time: 4.6372509559756904e-310