trajectory:
  - positions: [0.91095109535549823, -0.68708537464927388, -1.4526445192432587, -2.5726586204389665, 1.5707963267948966, -3.6083885999816832]
    velocities: [0, 0, 0, 0, 0, 0]
    accelerations: [0, 0, 0, 0, 0, 0]
    execution_time: 4.6808947363363161e-310