trajectory:
  - positions: [3.9272107940932819, 0.51180696408170057, 1.6511229910680301, -0.59213336203872502, 1.5707963267948966, 0.81394884817975177]
    velocities: [0, 0, 0, 0, 0, 0]
    accelerations: [0, 0, 0, 0, 0, 0]
    execution_time: 0.078923599999999997