trajectory:
  - positions: [4.6987791619499486, -0.16118188279886364, 2.297387632265651, -0.56561886364686886, 1.5707497214758201, -1.1672649705203297]
    velocities: [0, 0, 0, 0, 0, 0]
    accelerations: [0, 0, 0, 0, 0, 0]
    execution_time: -0.16275528438284576