trajectory:
  - positions: [1.3841023427937258, -1.0771069141880323, -0.69439948026706755, -2.9408824527715351, 1.5707963267948966, 3.061964669628642]
    velocities: [0, 0, 0, 0, 0, 0]
    accelerations: [0, 0, 0, 0, 0, 0]
    execution_time: 4.6808947438113317e-310