trajectory:
  - positions: [1.5556695718032465, -0.2561013216203295, -2.0146824299093797, 0.69998719170821733, -1.5707961936368422, 0.11082079086092229]
    velocities: [0, 0, 0, 0, 0, 0]
    accelerations: [0, 0, 0, 0, 0, 0]
    execution_time: 4.6372509474327025e-310