trajectory:
  - positions: [-2.1824459990919949, 0.48822400683877637, 1.6903247223139966, -0.60775213604176725, 1.5707963267948966, 3.6912275572691429]
    velocities: [0, 0, 0, 0, 0, 0]
    accelerations: [0, 0, 0, 0, 0, 0]
    execution_time: 0.118713767