trajectory:
  - positions: [0.74046038263761471, 0.31913907699180488, 2.0825959671835994, -0.83090459562904107, 1.5707886036277354, -2.1680022117618956]
    velocities: [-0, -0, -0, 0, 0, -0]
    accelerations: [0, 0, 0, 0, 0, 0]
    execution_time: 0.60864857186717158
  - positions: [0.74045998679296066, 0.31668726252515328, 2.0814217119521796, -0.82730961160402849, 1.5707957075715639, -2.1680057596714764]
    velocities: [-2.7563839717661544e-06, -0.017072712812079331, -0.0081766881657600252, 0.025032942197650763, 4.9466872174011029e-05, -2.4705148851164835e-05]
    accelerations: [0.00011011026790227462, 0.68200983636982693, 0.32663712084651964, -0.99999999999975608, -0.0019760710420464009, 0.00098690552057749121]
    execution_time: 0.60864857186717158
  - positions: [0.74045995229276029, 0.31647357240866236, 2.0813193686710689, -0.82699628750649301, 1.5707963267222398, -2.1680060688927578]
    velocities: [-9.1412580748284732e-22, -5.6619859733347791e-18, -2.7117127906064267e-18, 8.3019124818943462e-18, 1.640516884907895e-20, -8.193203259734722e-21]
    accelerations: [0.00011011026790225466, 0.68200983636970436, 0.32663712084646174, -0.99999999999957434, -0.0019760710420460379, 0.00098690552057731319]
    execution_time: 0.60864857186717158