trajectory:
  - positions: [-1.9883738604488139, 1.1102803805695227, 0.56604030888937384, 3.0361085712372806, -1.5707963267948966, 3.5963074360126477]
    velocities: [0, -0, -0, 0, -0, -0]
    accelerations: [0, 0, 0, 0, 0, 0]
    execution_time: -0.5559703012645606
  - positions: [-1.9883728366542495, 1.1092922131287284, 0.56203338278988135, 3.0410811805961542, -1.5707963268056391, 3.596306947166704]
    velocities: [1.8433646367238397e-05, -0.01779217216748934, -0.072145585941657986, 0.08953292547630104, -1.9342199318979204e-10, -8.8017787627323091e-06]
    accelerations: [-0.00020588678711404735, 0.19872211337712811, 0.80579949284410701, -0.99999999999991085, 2.1603448358332957e-09, 9.8307731104591017e-05]
    execution_time: -0.5559703012645606
  - positions: [-1.9883720114451062, 1.1084957205163617, 0.55880368010510206, 3.0450892529683267, -1.5707963268142979, 3.5963065531422029]
    velocities: [-2.6452695281928263e-21, 2.5532165442138199e-18, 1.0353053122699977e-17, -1.2848175277645833e-17, 2.7756489110945745e-26, 1.2630749603795639e-21]
    accelerations: [-0.00020588678711425907, 0.19872211337733905, 0.80579949284493713, -1.0000000000009557, 2.1603448358355589e-09, 9.8307731104693e-05]
    execution_time: -0.5559703012645606