trajectory:
  - positions: [0.89958505671817623, -0.37494235526207997, -1.6866646068698461, -2.6502548788044962, 1.5700366600939515, 2.009282071850917]
    velocities: [0, 0, 0, 0, 0, 0]
    accelerations: [0, 0, 0, 0, 0, 0]
    execution_time: -0.26254883433924203