trajectory:
  - positions: [4.0645084661956634, 0.48313803494699753, 1.7386740124302216, -0.65101538768718614, 1.5707963267948966, -2.5117691705398308]
    velocities: [0, 0, 0, 0, 0, 0]
    accelerations: [0, 0, 0, 0, 0, 0]
    execution_time: 0.027076289999999999