trajectory:
  - positions: [4.120429789081256, 0.35732111714589354, 1.8620188509494595, -0.64850555809686827, 1.5707963267948966, 1.7738411877827724]
    velocities: [-0, 0, 0, -0, -0, 0]
    accelerations: [0, 0, 0, 0, 0, 0]
    execution_time: -0.56109027206316364
  - positions: [4.1204270938659153, 0.35830236566177459, 1.8627631780792311, -0.65026889015121259, 1.5707963267462408, 1.7738413169707241]
    velocities: [-2.7171940626462661e-22, 9.8925032114617691e-20, 7.5039690786508031e-20, -1.7777115305812275e-19, -4.9052520003690804e-27, 1.3024144302794315e-23]
    accelerations: [0.0015284786175396095, -0.55647404212032792, -0.42211399035024749, 1.0000000000002767, 2.7593070731597564e-08, -7.3263541799380906e-05]
    execution_time: -0.56109027206316364