trajectory:
  - positions: [4.1090615533360344, 0.63083408610462022, 1.4791859821411519, -0.53922340855573925, 1.5707963267948966, 0.41597927081521996]
    velocities: [0, 0, 0, 0, 0, 0]
    accelerations: [0, 0, 0, 0, 0, 0]
    execution_time: 4.6372509015470473e-310