trajectory:
  - positions: [1.0156950852410778, -0.77550085810130509, -1.2827091421916841, 0.48738234806577041, -1.5707963267948966, -0.13451304589945901]
    velocities: [-0, 0, 0, -0, -0, -0]
    accelerations: [0, 0, 0, 0, 0, 0]
    execution_time: -0.41751595455173768
  - positions: [1.015694571823891, -0.7747270272322585, -1.282117528330744, 0.48604790197321257, -1.5707963268384275, -0.13451535479363921]
    velocities: [-2.358475383651382e-21, 3.5547330763425743e-18, 2.7176860526351724e-18, -6.1300212405016784e-18, -1.9996737985188749e-25, -1.0606326059690925e-20]
    accelerations: [0.00038474179633643264, -0.57988919399751315, -0.44334039736743835, 0.99999999999988187, 3.2620992979707618e-08, 0.0017302266409148126]
    execution_time: -0.41751595455173768