trajectory:
  - positions: [0.33725646201907306, 0.64143013829177298, 1.5331096678930762, -0.60372237383831384, 1.5707963267948966, -2.5712146544959253]
    velocities: [-0, -0, -0, 0, -0, -0]
    accelerations: [0, 0, 0, 0, 0, 0]
    execution_time: 0.94430987642262221
  - positions: [0.33724952194273133, 0.64053194820618231, 1.5325388689495525, -0.60227416356593866, 1.5707963267034173, -2.5712164991122837]
    velocities: [2.51205875368679e-21, 3.2511260047940932e-19, 2.0660874781073379e-19, -5.2420018350933138e-19, 3.3112214644912158e-26, 6.6768497088002609e-22]
    accelerations: [0.0047921745026280656, 0.62020695663027681, 0.39414092995452271, -0.99999999999983302, 6.3167117613794577e-08, 0.0012737213604352526]
    execution_time: 0.94430987642262221