trajectory:
  - positions: [-1.447783451305537, 0.22912927550844095, 2.2224314986467717, -0.88076423097847722, 1.5707963267948966, -0.59368898101046752]
    velocities: [0, 0, 0, 0, 0, 0]
    accelerations: [0, 0, 0, 0, 0, 0]
    execution_time: 0