trajectory:
  - positions: [-1.7146032972336493, 0.66048738615724378, 1.2911946392149489, 2.7607523619090828, -1.5707963267948966, -3.1994788567276466]
    velocities: [-0, -0, -0, 0, 0, -0]
    accelerations: [0, 0, 0, 0, 0, 0]
    execution_time: -0.26964564478031561
  - positions: [-1.7146045946640169, 0.65987298395403371, 1.2902991968383912, 2.7622164727973706, -1.570796326728781, -3.1994804414062519]
    velocities: [-4.3213717811648503e-21, -2.0463991051614532e-18, -2.9824640415307575e-18, 4.8765372194227823e-18, 2.2021212968255653e-25, -5.2781140151530156e-21]
    accelerations: [0.00088615580825527447, 0.41964185098612333, 0.61159464335710656, -0.99999999999992495, -4.5157479533931595e-08, 0.0010823487605365533]
    execution_time: -0.26964564478031561