trajectory:
  - positions: [0.85755198575929215, -0.23992291760372078, -2.0772573944624266, 0.74589263205013112, -1.5700555685376911, -0.88803998707657372]
    velocities: [0, 0, 0, 0, 0, 0]
    accelerations: [0, 0, 0, 0, 0, 0]
    execution_time: -0.31793880530948943