trajectory:
  - positions: [3.0352819260349202, 0.55097823542269908, 1.7073094316401403, -0.6874488961380697, 1.5707963267948966, 1.464487596610841]
    velocities: [-0, -0, -0, 0, -0, -0]
    accelerations: [0, 0, 0, 0, 0, 0]
    execution_time: -0.84867689812463387
  - positions: [3.035281627200292, 0.54774005102417278, 1.7055386147550529, -0.68246253777267751, 1.5707963267669802, 1.4644865753391614]
    velocities: [-5.5503478940852889e-06, -0.060143799542345729, -0.032889929249045088, 0.092613174873835274, -5.1850093330740292e-10, -1.8968394512931558e-05]
    accelerations: [5.9930435401296062e-05, 0.64940867888698595, 0.35513229401595686, -1.000000000000036, 5.5985655822053729e-09, 0.00020481313310737536]
    execution_time: -0.84867689812463387
  - positions: [3.0352813701826222, 0.54495499691187665, 1.704015594370488, -0.67817393769257173, 1.5707963267429701, 1.4644856969775424]
    velocities: [8.2518299516179297e-22, 8.9417170948240916e-18, 4.8898214753904644e-18, -1.376901385141534e-17, 7.7086727049440193e-26, 2.8200748667072401e-21]
    accelerations: [5.9930435401316452e-05, 0.64940867888719944, 0.35513229401606883, -1.0000000000003462, 5.5985655822071091e-09, 0.00020481313310744735]
    execution_time: -0.84867689812463387