trajectory:
  - positions: [-2.4649289606552993, 0.59179360926265812, 1.5254039444369865, 2.5945628540887591, -1.5710145728462286, -1.4363503675877725]
    velocities: [0, 0, 0, 0, 0, 0]
    accelerations: [0, 0, 0, 0, 0, 0]
    execution_time: -0.66357654937211097