trajectory:
  - positions: [-3.4370346901754778, -0.68347372873696299, -1.4345510027972603, 0.54751422850331943, -1.5704244163486669, -0.73002338774656694]
    velocities: [0, 0, 0, 0, 0, 0]
    accelerations: [0, 0, 0, 0, 0, 0]
    execution_time: 0.9870342312241619