trajectory:
  - positions: [1.8312525492982645, 0.26299546337897445, 2.2143810289875709, -0.90654383006752604, 1.5707963267948966, -1.2462169110387642]
    velocities: [-0, -0, -0, 0, -0, -0]
    accelerations: [0, 0, 0, 0, 0, 0]
    execution_time: -0.0074192124322152676
  - positions: [1.8312479614817552, 0.26144295868340856, 2.2137353535807072, -0.90438165867432341, 1.5707963266768121, -1.2462188701906385]
    velocities: [5.4480852893844561e-21, 1.8436173234818175e-18, 7.6674703067892079e-19, -2.5676035945206542e-18, 1.4022663085791796e-25, 2.3265155622929432e-21]
    accelerations: [0.0021218560766194661, 0.71803035617175315, 0.29862360074392597, -0.99999999999984912, 5.4613816228153284e-08, 0.00090610387337728001]
    execution_time: -0.0074192124322152676