trajectory:
  - positions: [2.3551143120542086, 0.49856812398680761, 1.8406372626635947, -0.76837603665798881, 1.5707963267948966, -2.3572754672788081]
    velocities: [0, -0, -0, 0, 0, 0]
    accelerations: [0, 0, 0, 0, 0, 0]
    execution_time: -0.46241451967777342
  - positions: [2.3551149819887258, 0.49517850554006843, 1.8390979787782782, -0.76346674316368957, 1.570796326830916, -2.3572739262214135]
    velocities: [1.1046923618633863e-05, -0.055893307647556255, -0.025382109848288464, 0.080952076441813292, 5.9394453973906151e-10, 2.5411354228619593e-05]
    accelerations: [-0.00013646251095957978, 0.69044933872405712, 0.31354488932162011, -1.0000000000005791, -7.3369895603165972e-09, -0.00031390614479055094]
    execution_time: -0.46241451967777342
  - positions: [2.3551154291244285, 0.49291616588343301, 1.8380706115299317, -0.76019012382356899, 1.5707963268549565, -2.3572728976704687]
    velocities: [1.08459333845752e-21, -5.4876372130101811e-18, -2.492030198435928e-18, 7.9479216000909214e-18, 5.8313817806035357e-26, 2.4949014285801246e-21]
    accelerations: [-0.00013646251095931149, 0.69044933872278025, 0.31354488932103775, -0.99999999999874212, -7.336989560301516e-09, -0.00031390614478990904]
    execution_time: -0.46241451967777342