trajectory:
  - positions: [0.38615656042775376, -0.56694778103081844, -1.5959566743514746, -2.549484058949206, 1.5707963267948966, 1.414609785186965]
    velocities: [0, 0, 0, 0, 0, 0]
    accelerations: [0, 0, 0, 0, 0, 0]
    execution_time: 0.025489276999999998