trajectory:
  - positions: [-2.1966867203889753, 0.63697879768776011, 1.5061382376371899, -0.57232030905588971, 1.5707963267948966, 0.43605045068671111]
    velocities: [0, 0, 0, 0, 0, 0]
    accelerations: [0, 0, 0, 0, 0, 0]
    execution_time: 4.6372509451109892e-310