trajectory:
  - positions: [1.1599109174861848, 0.13099558434357439, -2.5590980704843918, 0.8581362833024555, -1.5707878046794084, 1.3783022442556423]
    velocities: [-0, 0, 0, -0, -0, -0]
    accelerations: [0, 0, 0, 0, 0, 0]
    execution_time: -0.011738814397969647
  - positions: [1.1597560737451282, 0.13121436212256224, -2.5589434588484612, 0.85693243961834331, -1.5707959821883866, 1.3776271602467101]
    velocities: [1.4242440846012218e-19, -2.0123057957622732e-19, -1.4221091946116962e-19, 1.107288699034335e-18, 7.5216270993525919e-21, 6.2093850211186884e-19]
    accelerations: [0.12862445772663653, -0.18173271320453563, -0.12843165435102299, 1.000000000000014, 0.0067928328952623655, 0.56077380962471424]
    execution_time: -0.011738814397969647