trajectory:
  - positions: [-3.3180569032117515, 0.72173549727618591, 1.4329644245778457, 2.5577150909303139, -1.5707963267948966, 4.5359231328660776]
    velocities: [0, -0, -0, 0, -0, 0]
    accelerations: [0, 0, 0, 0, 0, 0]
    execution_time: -0.74017941705801982
  - positions: [-3.3180558530312574, 0.71860092929586272, 1.4311747492926714, 2.5626235127814621, -1.5707963268350893, 4.5359251421420925]
    velocities: [1.7300550426673536e-05, -0.051638505672451034, -0.029482900975652846, 0.080860766521699323, -6.6212999758740839e-10, 3.3100577661012169e-05]
    accelerations: [-0.00021395481604821964, 0.63861014301147612, 0.36461317699398388, -0.9999999999998006, 8.1885199221997845e-09, -0.00040935275640901472]
    execution_time: -0.74017941705801982
  - positions: [-3.3180551535633729, 0.71651316472050797, 1.429982744306584, 2.5658927445627007, -1.5707963268618594, 4.535926480411133]
    velocities: [-2.504198837711011e-21, 7.4745070357249337e-18, 4.2675547618269945e-18, -1.1704334980456164e-17, 9.5841180163583682e-26, -4.7912017861854517e-21]
    accelerations: [-0.00021395481604842434, 0.63861014301202745, 0.36461317699431067, -1.0000000000006493, 8.1885199222066848e-09, -0.00040935275640938899]
    execution_time: -0.74017941705801982