trajectory:
  - positions: [0.25161319610375987, -0.24750115886737983, -2.096131749740036, 0.7728362988516535, -1.5707963267948966, 1.4700598617176683]
    velocities: [0, 0, 0, 0, 0, 0]
    accelerations: [0, 0, 0, 0, 0, 0]
    execution_time: 4.6372507508277766e-310