trajectory:
  - positions: [-1.6422651841243721, 0.63032382443976109, 1.6018312082420261, 2.4802336148077666, -1.5707963267948966, 2.7445076118918177]
    velocities: [0, 0, 0, 0, 0, 0]
    accelerations: [0, 0, 0, 0, 0, 0]
    execution_time: 0.072851673000000006