trajectory:
  - positions: [-1.7199778226295384, 0.021991148408680983, 2.0932089304436743, -0.54437422842006156, 1.5706174955276977, -0.72043567492714544]
    velocities: [0, 0, 0, 0, 0, 0]
    accelerations: [0, 0, 0, 0, 0, 0]
    execution_time: -0.2433496815883876