trajectory:
  - positions: [-2.394818848113982, 0.48257470979741851, 1.7396122440822563, -0.65139022761061482, 1.5707963267948966, 0.98515055832965914]
    velocities: [0, 0, 0, 0, 0, 0]
    accelerations: [0, 0, 0, 0, 0, 0]
    execution_time: 0.247332208