trajectory:
  - positions: [-1.6422651841243721, 0.61136997380361258, 1.5916153223004821, 2.5094034845435136, -1.5707963267948966, 2.7445076118918177]
    velocities: [0, 0, 0, 0, 0, 0]
    accelerations: [0, 0, 0, 0, 0, 0]
    execution_time: 4.6808949444494142e-310