trajectory:
  - positions: [-2.1824459990919949, 0.47057400658281706, 1.6759640256099078, -0.57574147237123274, 1.5707963267948966, 3.6912275572691429]
    velocities: [0, 0, 0, 0, 0, 0]
    accelerations: [0, 0, 0, 0, 0, 0]
    execution_time: 4.6808947491361736e-310