trajectory:
  - positions: [4.2668043131269542, 0.40647358335737288, 1.9511609779049188, -0.78683793486177234, 1.5707963267948966, 0.70182823496978908]
    velocities: [0, 0, 0, 0, 0, 0]
    accelerations: [0, 0, 0, 0, 0, 0]
    execution_time: 0