trajectory:
  - positions: [1.1786080393932497, 0.060536027616536141, -2.5788113215053765, 0.94747867997188873, -1.5707963267948966, 1.3964791176437601]
    velocities: [0, 0, 0, 0, 0, 0]
    accelerations: [0, 0, 0, 0, 0, 0]
    execution_time: 4.6372507430879418e-310