trajectory:
  - positions: [-2.4042863857892138, 0.23155250242906086, 2.1645361076031575, -0.82529198363169898, 1.5707963267948966, -4.140193640162952]
    velocities: [0, 0, 0, 0, 0, 0]
    accelerations: [0, 0, 0, 0, 0, 0]
    execution_time: 4.6372509486303176e-310