trajectory:
  - positions: [-1.1313796737798389, 0.027855341744062199, 2.4871056356846069, -0.9441645091533396, 1.5707963267948966, 0.13368974629321784]
    velocities: [0, 0, 0, 0, 0, 0]
    accelerations: [0, 0, 0, 0, 0, 0]
    execution_time: 4.6372507460831654e-310