trajectory:
  - positions: [0.7060794390178825, -0.31827188516184779, -1.9083774281508503, 0.65580747975267473, -1.5707886036277354, -1.1580813258173004]
    velocities: [0, 0, 0, -0, -0, 0]
    accelerations: [0, 0, 0, 0, 0, 0]
    execution_time: -0.46713488175984458
  - positions: [0.70608111753765412, -0.31634189087098957, -1.9068577705264189, 0.65240046100348548, -1.5707958913331208, -1.1580784853438022]
    velocities: [9.9398482421481888e-06, 0.011429028530770846, 0.0089990993387381365, -0.020175663044080704, -4.3156289719481314e-05, 1.6820698798963297e-05]
    accelerations: [-0.00049266525815929579, -0.56647598177065295, -0.44603735297697206, 0.99999999999987799, 0.0021390270855131941, -0.00083371231776673926]
    execution_time: -0.46713488175984458
  - positions: [0.70608121780916855, -0.31622659675671055, -1.9067669891284396, 0.65219693231385134, -1.5707963266865006, -1.1580783156594268]
    velocities: [3.1195673176253605e-21, 3.5869384530055069e-18, 2.8243183901089741e-18, -6.3320221305645995e-18, -1.3544366843348244e-20, 5.2790848466239342e-21]
    accelerations: [-0.00049266525815949561, -0.56647598177088088, -0.44603735297715141, 1.0000000000002842, 0.0021390270855140554, -0.00083371231776707656]
    execution_time: -0.46713488175984458