trajectory:
  - positions: [3.9272107940932819, 0.49462511425586353, 1.6368144923213068, -0.56064308004519203, 1.5707963267948966, 0.81394884817975177]
    velocities: [0, 0, 0, 0, 0, 0]
    accelerations: [0, 0, 0, 0, 0, 0]
    execution_time: 4.6372507473811747e-310