trajectory:
  - positions: [-1.1432236832538027, 0.52584748224373457, 1.7189887246006827, 2.4675524406451363, -1.5707963267948966, 1.4102971952757453]
    velocities: [0, 0, 0, 0, 0, 0]
    accelerations: [0, 0, 0, 0, 0, 0]
    execution_time: 4.6808947464255318e-310