trajectory:
  - positions: [0.89027650976002226, -0.11487729286619577, -2.0690334198582074, 0.61365390075446458, -1.5701543718141331, -1.0507741765405743]
    velocities: [0, 0, 0, 0, 0, 0]
    accelerations: [0, 0, 0, 0, 0, 0]
    execution_time: -0.27816222866207224