trajectory:
  - positions: [0.25161317945900302, -0.27350045210160334, -2.1103399804717178, 0.81304377288328833, -1.5707963267948966, 1.4700598617176683]
    velocities: [0, 0, 0, 0, 0, 0]
    accelerations: [0, 0, 0, 0, 0, 0]
    execution_time: 0.048347570999999999