trajectory:
  - positions: [-2.443006351193985, -0.44453278520618161, -1.8143413432182069, -2.4531095854214184, 1.5713950054079464, -3.7619248968308221]
    velocities: [0, 0, 0, 0, 0, 0]
    accelerations: [0, 0, 0, 0, 0, 0]
    execution_time: 0.35786356377895012