trajectory:
  - positions: [-1.9255679998292572, 0.63773293832944322, 1.5508207544065393, -0.61772733879979524, 1.5707963267948966, -2.7006887582639809]
    velocities: [-0, -0, -0, 0, 0, 0]
    accelerations: [0, 0, 0, 0, 0, 0]
    execution_time: -0.4729275447694759
  - positions: [-1.9255690484902328, 0.63462250121708985, 1.548962269890708, -0.6127753972691603, 1.5707963267988214, -2.700687437133368]
    velocities: [-1.8240639641312517e-05, -0.054103627213034772, -0.03232688840626291, 0.086135160068071315, 6.8266423010173285e-11, 2.2980036431967086e-05]
    accelerations: [0.00021176764084374273, 0.62812476543006346, 0.37530421236482164, -1.0000000000000642, -7.9255002203778333e-10, -0.00026679043045613432]
    execution_time: -0.4729275447694759
  - positions: [-1.9255698340704404, 0.63229238892196094, 1.5475700290370198, -0.60906576436918414, 1.5707963268017613, -2.7006864474388101]
    velocities: [2.1123447071375055e-21, 6.2654332757911565e-18, 3.7435930409225895e-18, -9.9748228705832884e-18, -7.9055460859032346e-27, -2.6611872873664137e-21]
    accelerations: [0.00021176764084363195, 0.62812476542973228, 0.37530421236461975, -0.99999999999953726, -7.9255002203736271e-10, -0.0002667904304559912]
    execution_time: -0.4729275447694759