trajectory:
  - positions: [0.32263540802891538, -0.45598028328334633, -1.868780217483007, 0.75396387436583423, -1.5707963267948966, 0.87463623073117769]
    velocities: [0, 0, 0, 0, 0, 0]
    accelerations: [0, 0, 0, 0, 0, 0]
    execution_time: 0.029712948999999999