trajectory:
  - positions: [3.2886918237681018, -0.83967245430688164, -1.1321366773196939, -2.740565334530173, 1.5707963267948966, 1.7178835127482999]
    velocities: [-0, -0, -0, 0, -0, 0]
    accelerations: [0, 0, 0, 0, 0, 0]
    execution_time: 0.84874446189037123
  - positions: [3.2886804903011115, -0.84034298390689122, -1.1327981714118454, -2.7392474982710557, 1.5707963267235361, 1.7178848170960324]
    velocities: [1.5171222012653096e-20, 8.97585305235656e-19, 8.8549018060776859e-19, -1.7640838836548442e-18, 9.5524659934363325e-26, -1.7460278525855642e-21]
    accelerations: [0.008600057034261574, 0.50881101151269759, 0.50195469093749412, -1.0000000000000147, 5.4149726563147285e-08, -0.00098976464144559517]
    execution_time: 0.84874446189037123