trajectory:
  - positions: [-2.9764311259502398, -0.85917052191178778, -1.0677202034518847, -2.7859320173835642, 1.5714132480614134, 0.53716148937125907]
    velocities: [0, 0, 0, 0, 0, 0]
    accelerations: [0, 0, 0, 0, 0, 0]
    execution_time: 0.86065645386578049