trajectory:
  - positions: [-1.0630311091415547, 0.31537379997410997, 2.0672383161254393, -0.81181552298854376, 1.5707963267948966, 0.84256284961697192]
    velocities: [0, 0, 0, 0, 0, 0]
    accelerations: [0, 0, 0, 0, 0, 0]
    execution_time: 4.6372509460888439e-310