trajectory:
  - positions: [0.91880422477792378, 0.54582188949911492, 1.6639989754643998, -0.63900306643232929, 1.5707963267948966, 2.4895954249877219]
    velocities: [-0, -0, -0, 0, 0, 0]
    accelerations: [0, 0, 0, 0, 0, 0]
    execution_time: 0.66063943087686183
  - positions: [0.91880177014877285, 0.54487237710059311, 1.6633849759662847, -0.63746069947708195, 1.5707963268038887, 2.4895987505334634]
    velocities: [8.6277339859809036e-21, 3.3374248764642333e-18, 2.158136325903844e-18, -5.4212392098223132e-18, -3.1606320249946402e-26, -1.1688903802219937e-20]
    accelerations: [0.0015914689708489958, 0.61562029404972507, 0.39808911622899745, -1.0000000000001434, -5.8300914286692869e-09, -0.0021561313474313059]
    execution_time: 0.66063943087686183