trajectory:
  - positions: [1.6017750155430253, -0.24191764190494694, -2.2191602047217724, 0.89028117029192988, -1.5707963267948966, -2.8875342761311771]
    velocities: [0, 0, 0, 0, 0, 0]
    accelerations: [0, 0, 0, 0, 0, 0]
    execution_time: 4.680894939396506e-310