trajectory:
  - positions: [0.43423344245397733, -0.4954646092104838, -1.6375564490010028, 0.5622243319424266, -1.5707963267948966, 0.4625634510504541]
    velocities: [0, 0, 0, 0, 0, 0]
    accelerations: [0, 0, 0, 0, 0, 0]
    execution_time: 0