trajectory:
  - positions: [-3.3440307133232943, 0.6036012000087152, 1.6540328940331053, -0.68681905854026593, 1.5707963267948966, 1.3683580007452865]
    velocities: [-0, -0, -0, 0, -0, -0]
    accelerations: [0, 0, 0, 0, 0, 0]
    execution_time: -0.84868192731333048
  - positions: [-3.3440323025945484, 0.6002717355346161, 1.652383487478275, -0.68185043688421432, 1.5707963267702758, 1.368356924394504]
    velocities: [-2.8402691038857969e-05, -0.059502586824281958, -0.029477400194778767, 0.088796815159355044, -4.4000973987825974e-10, -1.923602320469758e-05]
    accelerations: [0.00031986159625083387, 0.67009820923768015, 0.33196461091406576, -1.0000000000002049, 4.9552423596352619e-09, 0.00021662965242819163]
    execution_time: -0.84868192731333048
  - positions: [-3.3440335636288014, 0.59762991543274646, 1.6510747378500381, -0.67790799969299198, 1.5707963267507401, 1.3683560703457056]
    velocities: [-1.5552671330904838e-21, -3.258227098800621e-18, -1.6141157761837843e-18, 4.8623127981611372e-18, -2.40939383432404e-26, -1.0533211314625826e-21]
    accelerations: [0.00031986159625043656, 0.67009820923680674, 0.33196461091364182, -0.99999999999888389, 4.9552423596288421e-09, 0.00021662965242790614]
    execution_time: -0.84868192731333048