trajectory:
  - positions: [-0.46175178612922518, -0.56525820505624491, -1.7145008986897359, 0.70893461402255653, -1.5708040499620579, 1.1090444075076169]
    velocities: [-0, 0, 0, -0, 0, -0]
    accelerations: [0, 0, 0, 0, 0, 0]
    execution_time: -0.84868350979435847
  - positions: [-0.46175352883485826, -0.56321977410602952, -1.7135107099265368, 0.70593332028058742, -1.5707964683900586, 1.1090427954140456]
    velocities: [-6.1469081884326475e-06, 0.0071899967851830806, 0.0034926147600799259, -0.010586226800504531, 2.6741881198275529e-05, -5.6862105595889943e-06]
    accelerations: [0.00058065147330295538, -0.67918408708567513, -0.32992064367194746, 0.99999999999992872, -0.0025261012920107717, 0.00053713288660295659]
    execution_time: -0.84868350979435847
  - positions: [-0.46175356137114038, -0.56318171663769812, -1.7134922231205483, 0.70587728618165158, -1.5707963268422489, 1.1090427653162884]
    velocities: [-7.0337004597847428e-22, 8.2272716857819376e-19, 3.9964816930329085e-19, -1.2113463554607013e-18, 3.0599835936020429e-21, -6.5065396458462493e-22]
    accelerations: [0.00058065147330305393, -0.67918408708578715, -0.32992064367200247, 1.0000000000000948, -0.002526101292011198, 0.00053713288660304668]
    execution_time: -0.84868350979435847