trajectory:
  - positions: [0.54447695985911126, 0.52544567781426876, 1.6591839802135364, -0.61381588752776861, 1.5707963267948966, -2.363993823760751]
    velocities: [-0, -0, -0, 0, 0, 0]
    accelerations: [0, 0, 0, 0, 0, 0]
    execution_time: 0.83466567770386901
  - positions: [0.54447551729825416, 0.52453077431148543, 1.6585173242852485, -0.61225144500693829, 1.5707963268107532, -2.3639905037567623]
    velocities: [2.2678163608246097e-21, 1.4382985105787557e-18, 1.0480342744431968e-18, -2.4594236886741833e-18, -2.492786948599097e-26, -5.2193010272831839e-21]
    accelerations: [0.00092209259074323645, 0.58481119670530213, 0.42613002357811919, -1.0000000000001126, -1.0135654788066139e-08, -0.0021221642498277194]
    execution_time: 0.83466567770386901