trajectory:
  - positions: [0.87277081954563174, -0.46835173181120043, -1.6545679230961021, -2.5896131028867377, 1.5704775464124141, 2.2016188947278024]
    velocities: [0, 0, 0, 0, 0, 0]
    accelerations: [0, 0, 0, 0, 0, 0]
    execution_time: -0.30192929648009442