trajectory:
  - positions: [0.89242088706975409, -0.71261616791348203, -1.4092158187151185, 0.55103529364905413, -1.5707963267948966, -0.091294069307162592]
    velocities: [0, 0, 0, 0, 0, 0]
    accelerations: [0, 0, 0, 0, 0, 0]
    execution_time: 0.152633557