trajectory:
  - positions: [-2.0204284662773349, 0.50380762711542948, 1.5889180727484498, -0.52188543091099637, 1.5707963267948966, -2.291465028317424]
    velocities: [0, -0, -0, 0, 0, 0]
    accelerations: [0, 0, 0, 0, 0, 0]
    execution_time: -0.53050188147198241
  - positions: [-2.0204272735176092, 0.50138981212704636, 1.5864368022537811, -0.5170133606990871, 1.5707963268368328, -2.2914642921154811]
    velocities: [1.8943567792529971e-05, -0.038400057578065687, -0.039407866325517953, 0.077378863792555805, 6.6603593824345345e-10, 1.1692456675458497e-05]
    accelerations: [-0.00024481579160060593, 0.4962602924877656, 0.50928463399469803, -0.99999999999997768, -8.6074659874694034e-09, -0.00015110659555307406]
    execution_time: -0.53050188147198241
  - positions: [-2.0204265406017332, 0.49990413571456666, 1.5849121342934023, -0.51401961641817362, 1.5707963268626013, -2.2914638397409748]
    velocities: [2.8986326369252938e-21, -5.8757495617844312e-18, -6.0299584921790471e-18, 1.1840055814921236e-17, 1.0191287771667413e-25, 1.7891105253511812e-21]
    accelerations: [-0.00024481579160094203, 0.49626029248846054, 0.5092846339954058, -1.0000000000013749, -8.6074659874812602e-09, -0.00015110659555328648]
    execution_time: -0.53050188147198241