trajectory:
  - positions: [0.63850991557747383, -0.11470295568333647, -2.1094223883181309, -2.4886950102231662, 1.5713043247728291, -2.6052352058411428]
    velocities: [-0, 0, 0, 0, -0, -0]
    accelerations: [0, 0, 0, 0, 0, 0]
    execution_time: -0.23591241325249962
  - positions: [0.63834820969639494, -0.11446224721089425, -2.1093866262490946, -2.4885394788914081, 1.5707965828120811, -2.6062595152213395]
    velocities: [8.5436820745422368e-19, -1.2717760464084321e-18, -1.8894782684196279e-19, -8.2174515998134182e-19, 2.6826395302340374e-18, 5.411908108711713e-18]
    accelerations: [0.15786820291328121, -0.23499586852945267, -0.034913347205172904, -0.15184019083000799, 0.49569199556722432, 0.99999999999989353]
    execution_time: -0.23591241325249962