trajectory:
  - positions: [4.5851782972270927, 0.64456134994343361, 1.2843576389064431, 2.7835287808158764, -1.5707963267948966, 2.9976780914430012]
    velocities: [0, -0, -0, 0, -0, 0]
    accelerations: [0, 0, 0, 0, 0, 0]
    execution_time: -0.25636584806789509
  - positions: [4.5851789761300594, 0.64397333312859306, 1.2834073923128533, 2.7850079281483522, -1.5707963268775831, 2.9976802170612133]
    velocities: [1.5882270283423418e-21, -1.3756077734399763e-18, -2.2230088797399556e-18, 3.460320380750388e-18, -1.9343702885214633e-25, 4.9726757163226185e-21]
    accelerations: [-0.00045898265292933764, 0.39753769075613909, 0.64242862947210189, -0.99999999999995404, 5.5901479506989945e-08, -0.0014370564482945479]
    execution_time: -0.25636584806789509