trajectory:
  - positions: [1.5693891124748987, 1.0156639262563238, 0.85037623136012808, 2.8463841762317088, -1.5707963267948966, 4.0888841133370493]
    velocities: [0, -0, -0, 0, -0, 0]
    accelerations: [0, 0, 0, 0, 0, 0]
    execution_time: 0.15766218145655583
  - positions: [1.5693897946376689, 1.0139541892633921, 0.84854260162985173, 2.849894323163896, -1.5707963268760603, 4.0888879919589352]
    velocities: [4.4314996418700804e-06, -0.011106878300548365, -0.01191171644916156, 0.022802790694721096, -5.272594150128404e-10, 2.5196495978027424e-05]
    accelerations: [-0.00019434023235132136, 0.48708416654987674, 0.52237976520657337, -1.0000000000001055, 2.3122582760669015e-08, -0.0011049742251005813]
    execution_time: 0.15766218145655583
  - positions: [1.5693898451629484, 1.0138275553528124, 0.84840679144134923, 2.8501543067956296, -1.5707963268820717, 4.0888882792341477]
    velocities: [-4.8009086539831711e-22, 1.2032745675533516e-18, 1.2904674987278267e-18, -2.4703627220661507e-18, 5.7121166489839496e-26, -2.729687134532108e-21]
    accelerations: [-0.00019434023235127259, 0.48708416654976644, 0.52237976520644402, -0.99999999999987665, 2.312258276066347e-08, -0.0011049742251003237]
    execution_time: 0.15766218145655583