trajectory:
  - positions: [-1.8087894512937186, 0.71801446202209995, 1.3990850207704026, -0.54630285639198328, 1.5707963267948966, 0.15591052160570168]
    velocities: [0, 0, 0, 0, 0, 0]
    accelerations: [0, 0, 0, 0, 0, 0]
    execution_time: 0.025527967000000002