trajectory:
  - positions: [-4.4932827280206009, 0.51102029958520478, 1.8386216491925682, -0.77881948971468007, 1.5707886036277354, -1.9737833329426513]
    velocities: [0, -0, -0, 0, 0, 0]
    accelerations: [0, 0, 0, 0, 0, 0]
    execution_time: 0
  - positions: [-4.4932793786397633, 0.5098689554583159, 1.8381160937311847, -0.77718839557502717, 1.5707963268771485, -1.9737802910784201]
    velocities: [6.3475467135808525e-21, -2.181958691247951e-18, -9.5809854509304838e-19, 3.0911522898685109e-18, 1.4636641459370629e-20, 5.7647595899309251e-21]
    accelerations: [-0.0020534564842967507, 0.70587227242052575, 0.30994867132009213, -0.99999999999974654, -0.0047350114413125602, -0.0018649225432289134]
    execution_time: 0