trajectory:
  - positions: [3.1342292794918332, 0.36168300882679344, 1.9535357186489424, -0.74440192762995927, 1.5707963267948966, 1.5634322869066639]
    velocities: [0, -0, -0, 0, 0, 0]
    accelerations: [0, 0, 0, 0, 0, 0]
    execution_time: 0
  - positions: [3.1342302721244124, 0.3605314006659075, 1.9528629812174227, -0.74259772829353698, 1.570796326827971, 1.5634345989193352]
    velocities: [-1.2471510382978551e-21, 1.4468891547512397e-18, 8.4523236871830949e-19, -2.2668096159291949e-18, -4.155496522549084e-26, -2.9048301092242706e-21]
    accelerations: [-0.00055017899586003139, 0.63829319612183788, 0.37287311769753195, -0.99999999999994604, -1.8331916775663875e-08, -0.0012814618787618766]
    execution_time: 0