trajectory:
  - positions: [-2.0665184636827911, 0.5909122360998964, 1.6048485697570858, -0.62531594974694882, 1.5696355880337856, -2.8214727010789984]
    velocities: [-0, -0, -0, 0, 0, 0]
    accelerations: [0, 0, 0, 0, 0, 0]
    execution_time: -0.57182335216805535
  - positions: [-2.0666215250423781, 0.59084032707710654, 1.6047075937318267, -0.62475099928172406, 1.5707962455887776, -2.8209080863779534]
    velocities: [-4.7162946712579341e-20, -3.2907012129325534e-20, -6.4513458717157225e-20, 2.5853267212303293e-19, 5.3114019295923008e-19, 2.5837901969516826e-19]
    accelerations: [0.088795665132793924, 0.061955416979427635, 0.12146220446567439, -0.48675034491855113, -0.9999999999999154, -0.48646105702450448]
    execution_time: -0.57182335216805535