trajectory:
  - positions: [2.1354589158733455, 0.079952290402895601, -2.5424298778538041, 0.8916809277608756, -1.5707963267948966, 1.9768050886735098]
    velocities: [0, 0, 0, 0, 0, 0]
    accelerations: [0, 0, 0, 0, 0, 0]
    execution_time: 4.6372509484058142e-310