trajectory:
  - positions: [-0.13472933619186547, 0.24127054369432813, 2.1703018513631789, 2.3008161858530194, -1.5707963267948966, 1.8010119556462514]
    velocities: [0, 0, 0, 0, 0, 0]
    accelerations: [0, 0, 0, 0, 0, 0]
    execution_time: 4.6372507508277766e-310