trajectory:
  - positions: [4.3910378485019512, 0.44468005801446303, 1.8115209224657585, 2.4554499713873801, -1.5706329418620202, -0.47619557345932445]
    velocities: [0, 0, 0, 0, 0, 0]
    accelerations: [0, 0, 0, 0, 0, 0]
    execution_time: -0.33770546575693344