trajectory:
  - positions: [-4.0497929032763214, 0.81390617102328322, 1.2495513218815979, 2.648977094113476, -1.5707963267948966, -4.0497929032763214]
    velocities: [-0, -0, -0, 0, 0, -0]
    accelerations: [0, 0, 0, 0, 0, 0]
    execution_time: -0.39841980874296112
  - positions: [-4.0497955226500384, 0.81172898940332616, 1.2480949711950751, 2.6525683520588408, -1.5707963266743856, -4.0497955226500242]
    velocities: [-1.8185943798820539e-05, -0.015115866177885046, -0.01011123825580626, 0.024933599482375508, 8.3669136443273558e-10, -1.8185943696665618e-05]
    accelerations: [0.00072937498702015384, 0.60624484597870376, 0.40552661732433243, -1.0000000000001568, -3.355678208532418e-08, 0.0007293749829230976]
    execution_time: -0.39841980874296112
  - positions: [-4.0497957493705581, 0.81154054292677191, 1.2479689164126047, 2.6528791942504144, -1.5707963266639546, -4.0497957493705421]
    velocities: [-2.5556052541732672e-21, -2.1241782913729446e-18, -1.4208959347170153e-18, 3.5038290312292363e-18, 1.1757722726517921e-25, -2.5556052398178041e-21]
    accelerations: [0.00072937498701956208, 0.60624484597821016, 0.40552661732401774, -0.99999999999934341, -3.3556782085298492e-08, 0.0007293749829224834]
    execution_time: -0.39841980874296112