trajectory:
  - positions: [-4.2524445485292466, 0.42311281411110618, 1.9194384682643308, -0.77171197881844933, 1.5707963267948966, 3.6015402812385444]
    velocities: [-0, -0, -0, 0, -0, -0]
    accelerations: [0, 0, 0, 0, 0, 0]
    execution_time: -0.20042160695243771
  - positions: [-4.2524479368419179, 0.42026935714916636, 1.9180174407626576, -0.76748205472885589, 1.5707963266062834, 3.6015348329124679]
    velocities: [-3.5645631631300108e-05, -0.029913655928335725, -0.014949453541493241, 0.044499528395447872, -1.9842423147245838e-09, -5.7317326694660433e-05]
    accelerations: [0.0008010339191584073, 0.67222411128745396, 0.33594633652398742, -1.0000000000001663, 4.4590187497984951e-08, 0.0012880434638613838]
    execution_time: -0.20042160695243771
  - positions: [-4.2524487299488163, 0.41960378535846904, 1.9176848189464746, -0.76649195071514731, 1.5707963265621345, 3.6015335576154648]
    velocities: [-9.4423034864406765e-21, -7.923939196417299e-18, -3.9600161600524316e-18, 1.1787645018032132e-17, -5.2561330151365039e-25, -1.5182999119791779e-20]
    accelerations: [0.00080103391915847724, 0.6722241112875188, 0.33594633652401745, -1.0000000000002649, 4.459018749798908e-08, 0.0012880434638614948]
    execution_time: -0.20042160695243771