trajectory:
  - positions: [2.9866523382139643, 0.8564137507093923, 1.1369953484124344, 2.7190174318342333, -1.5707963267948966, -1.7257375742771071]
    velocities: [-0, -0, -0, 0, -0, 0]
    accelerations: [0, 0, 0, 0, 0, 0]
    execution_time: -0.84868164034823956
  - positions: [2.9866520862821133, 0.85376824301026177, 1.134754031037903, 2.7238806335318912, -1.5707963267962284, -1.7257372448723385]
    velocities: [-3.968571256715772e-06, -0.041673515115385897, -0.035306483332712274, 0.076607869832741413, -2.0981584948205985e-11, 5.1889679266297958e-06]
    accelerations: [5.1803701961453406e-05, 0.54398477867076067, 0.46087279818392485, -1.0000000000003539, 2.7388289211047641e-10, -6.7734136688055621e-05]
    execution_time: -0.84868164034823956
  - positions: [2.9866519342702178, 0.85217198339954559, 1.1334016537982008, 2.7268150163920462, -1.5707963267970322, -1.7257370461144488]
    velocities: [-4.4817738872579593e-22, -4.7062597532632111e-18, -3.9872202063572784e-18, 8.6514548527716438e-18, -2.3694854760393931e-27, 5.8599882554796391e-22]
    accelerations: [5.1803701961459329e-05, 0.54398477867079853, 0.46087279818396643, -1.0000000000004625, 2.7388289211049673e-10, -6.7734136688062357e-05]
    execution_time: -0.84868164034823956