trajectory:
  - positions: [-0.28540717901923862, 0.26238270330166086, 1.9179453669991779, -0.60951561473659044, 1.5707886036277354, -3.4269953718142059]
    velocities: [-0, -0, -0, 0, 0, -0]
    accelerations: [0, 0, 0, 0, 0, 0]
    execution_time: 0.6549497502956777
  - positions: [-0.28541320490495575, 0.2614211273269903, 1.9170467706865735, -0.60767124448501142, 1.5707963266693812, -3.4270052049659494]
    velocities: [3.4600674440075122e-21, 5.5213754144698155e-19, 5.1597457909110048e-19, -1.0590385815054099e-18, -4.4345754668445117e-21, 5.6462020384848262e-21]
    accelerations: [0.0032671778955297944, 0.52135734343328244, 0.48721036995430123, -1.0000000000000557, -0.0041873596904666733, 0.0053314413063772761]
    execution_time: 0.6549497502956777