trajectory:
  - positions: [-2.1797997490748378, 0.38197143606420786, 1.9004195033395299, 2.429899870205269, -1.5700493101091293, -0.40916823632734228]
    velocities: [-0, -0, 0, 0, -0, -0]
    accelerations: [0, 0, 0, 0, 0, 0]
    execution_time: -0.44497214061095558
  - positions: [-2.1799859838243769, 0.38190680886605594, 1.9004604817645727, 2.4300208767479186, -1.5707963904259992, -0.41028374841271104]
    velocities: [-7.4072289415495982e-19, -2.5704571984914424e-19, 1.6298600379750812e-19, 4.8128674538383338e-19, -2.9714083748999639e-18, -4.4367946496764341e-18]
    accelerations: [0.16695000617369421, 0.057935004917991244, -0.036735079413553633, -0.10847622740865183, 0.66971960830244848, 0.99999999999991152]
    execution_time: -0.44497214061095558