trajectory:
  - positions: [-0.30694113340896945, 0.76577233063924566, 1.2808393367903395, -0.47619444161586116, 1.5704312074094466, -0.59312951744446918]
    velocities: [0, 0, 0, 0, 0, 0]
    accelerations: [0, 0, 0, 0, 0, 0]
    execution_time: 0.94687037418247322