trajectory:
  - positions: [-3.3440251206850053, 0.89925362632051586, 1.1040364662357773, 2.709102749411977, -1.5707963267948966, 4.5099583775022412]
    velocities: [0, -0, -0, 0, -0, 0]
    accelerations: [0, 0, 0, 0, 0, 0]
    execution_time: 0
  - positions: [-3.3440223751103515, 0.89777506436116994, 1.1030032616566234, 2.7116103275912136, -1.5707963268022782, 4.5099592588727102]
    velocities: [1.6607572419118202e-07, -8.9436012182751528e-05, -6.2497007138860922e-05, 0.00015167967170386023, -4.4651645538194723e-13, 5.3312787798668217e-08]
    accelerations: [-0.0010949108890179751, 0.58963743247936029, 0.41203284815184477, -1.000000000000278, 2.9438121164571825e-09, -0.00035148274781851498]
    execution_time: 0
  - positions: [-3.3440223750977567, 0.89777505757835752, 1.1030032569168606, 2.7116103390945749, -1.5707963268022784, 4.5099592588767532]
    velocities: [-1.5418871721241338e-21, 8.3034555822123167e-19, 5.8023732290114316e-19, -1.408230740592488e-18, 4.1455667169224853e-27, -4.9496881026581241e-22]
    accelerations: [-0.0010949108890179751, 0.58963743247936029, 0.41203284815184482, -1.000000000000278, 2.9438121164571829e-09, -0.00035148274781851498]
    execution_time: 0