trajectory:
  - positions: [2.9651289366000526, 0.44178580112079213, 1.8958235530883258, -0.76678193500849468, 1.5707963267948966, 1.3943383356014998]
    velocities: [0, -0, -0, 0, -0, -0]
    accelerations: [0, 0, 0, 0, 0, 0]
    execution_time: -0.74017517160704827
  - positions: [2.9651295285657806, 0.43844365816698561, 1.8941507316121315, -0.76178193500849467, 1.5707963267750524, 1.39433646043989]
    velocities: [1.1839314549673863e-05, -0.06684285907613205, -0.033456429523890011, 0.10000000000000038, -3.9688423006760051e-10, -3.7503232197622759e-05]
    accelerations: [0.00011839314549679167, -0.66842859076162298, -0.33456429523905307, 1.0000000000004581, -3.9688423006778175e-09, -0.00037503232197639511]
    execution_time: -0.74017517160704827
  - positions: [2.9651301531755001, 0.43491721250071008, 1.8923856622758664, -0.75650620965051907, 1.5707963267541138, 1.3943344818723589]
    velocities: [3.2872223172650401e-07, -0.0018559126643942078, -0.00092892811763300781, 0.0027765309414434012, -1.10196134495363e-11, -1.0412888460083561e-06]
    accelerations: [-0.00011839314549671902, 0.6684285907612102, 0.33456429523884423, -0.99999999999983702, 3.9688423006753458e-09, 0.00037503232197616445]
    execution_time: -0.74017517160704827
  - positions: [2.9651301536318537, 0.43491463600124147, 1.8923843726770357, -0.75650235508848462, 1.5707963267540985, 1.3943344804267734]
    velocities: [-4.1125514883762333e-23, 2.3218801935492301e-19, 1.162155870231682e-19, -3.4736398556870314e-19, 1.3786328796564732e-27, 1.3027272207874706e-22]
    accelerations: [-0.00011839314549665269, 0.66842859076083527, 0.33456429523865727, -0.99999999999927791, 3.9688423006731249e-09, 0.00037503232197595536]
    execution_time: -0.74017517160704827