trajectory:
  - positions: [0.88131284216303363, -0.15150265710648428, -2.0652706395540346, 0.64509185163257743, -1.5705008490719523, -0.98804641311998398]
    velocities: [0, 0, 0, 0, 0, 0]
    accelerations: [0, 0, 0, 0, 0, 0]
    execution_time: -0.29120812091881171