trajectory:
  - positions: [4.3667647330625332, 1.068209359565105, 0.68134173512630003, 2.9628375527981485, -1.5707963267948966, 3.3558868401802182]
    velocities: [0, 0, 0, 0, 0, 0]
    accelerations: [0, 0, 0, 0, 0, 0]
    execution_time: 0.037999382999999998