trajectory:
  - positions: [-1.6261298900279089, 0.64854936709680011, 1.5686190594457023, -0.64632829074767395, 1.5707963267948966, -3.1365923023270605]
    velocities: [-0, -0, -0, 0, 0, 0]
    accelerations: [0, 0, 0, 0, 0, 0]
    execution_time: -0.20780283592269103
  - positions: [-1.6261303241579188, 0.64540263400067666, 1.5669749317429615, -0.64156638081549144, 1.5707963268171912, -3.1365908361895789]
    velocities: [-6.3032747896886583e-06, -0.045688441107455867, -0.023871624769303788, 0.069139718828887572, 3.2370294374020891e-10, 2.1287326867284312e-05]
    accelerations: [9.1167203113582177e-05, 0.66081323270250214, 0.34526644269967427, -1.0000000000000646, -4.6818666494921167e-09, -0.00030788853683321496]
    execution_time: -0.20780283592269103
  - positions: [-1.6261305420612422, 0.64382319101472685, 1.5661496930306924, -0.63917623045562266, 1.5707963268283816, -3.1365901002896819]
    velocities: [4.5960887861986889e-22, 3.3314132548431895e-18, 1.7406207181387898e-18, -5.0413839947167598e-18, -2.3603087592146137e-26, -1.5521843417476028e-21]
    accelerations: [9.1167203113469094e-05, 0.66081323270168568, 0.3452664426992455, -0.99999999999883815, -4.6818666494863604e-09, -0.0003078885368328318]
    execution_time: -0.20780283592269103