trajectory:
  - positions: [-3.0292221692905539, 0.36684458120401686, 1.9927837888978761, -0.78879635694838945, 1.5707963267948966, -1.4584222472281856]
    velocities: [0, -0, -0, 0, 0, 0]
    accelerations: [0, 0, 0, 0, 0, 0]
    execution_time: 0
  - positions: [-3.029216223298417, 0.36453954685337414, 1.9916031117785862, -0.78534382032770977, 1.5707963269561489, -1.4584190611601697]
    velocities: [3.6725104795082271e-05, -0.014236922306272052, -0.0072923895522148049, 0.021324409163130515, 9.9596703538475908e-10, 1.9678579970641252e-05]
    accelerations: [-0.0017222097228641229, 0.66763501850663531, 0.34197381490981676, -0.99999999999983569, -4.6705492647674682e-08, -0.00092281947040586255]
    execution_time: 0
  - positions: [-3.0292158317278366, 0.36438774987513284, 1.991525358829292, -0.78511645511463146, 1.5707963269667682, -1.4584188513431242]
    velocities: [6.572234738127642e-21, -2.5478047201606599e-18, -1.3050281600678508e-18, 3.8161639960994923e-18, 1.7823581946217433e-25, 3.5216304378630307e-21]
    accelerations: [-0.0017222097228644249, 0.66763501850675155, 0.34197381490987666, -1.0000000000000091, -4.6705492647682623e-08, -0.00092281947040602247]
    execution_time: 0