trajectory:
  - positions: [-2.5290962292241042, 0.21123446416927613, -2.6340167866899562, 0.85099834579077061, -1.5709051169254262, -0.7205445316367024]
    velocities: [-0, -0, -0, 0, 0, 0]
    accelerations: [0, 0, 0, 0, 0, 0]
    execution_time: 0.18825175506196859
  - positions: [-2.5292657279250057, 0.21122850574361851, -2.634398214621759, 0.85237304167678607, -1.5707962034902072, -0.72012528711339674]
    velocities: [-7.1031718436599118e-19, -2.4969938494298341e-20, -1.5984477350897808e-18, 5.760929764772561e-18, 4.5642287659381097e-19, 1.7569254971948762e-18]
    accelerations: [0.12329905299478347, 0.004334359124977382, 0.27746349987877716, -0.99999999999989608, -0.079227294070609633, -0.30497255980069338]
    execution_time: 0.18825175506196859