trajectory:
  - positions: [2.1166146543160536, -0.69559896802203924, -1.3751863457802496, 0.5001582641841803, -1.5697405165807348, 0.78573751669935166]
    velocities: [0, 0, 0, -0, -0, -0]
    accelerations: [0, 0, 0, 0, 0, 0]
    execution_time: 0.65450608993477499
  - positions: [2.1167360988302719, -0.6955906148615929, -1.3749952586690792, 0.49978909558728446, -1.5707963068081205, 0.78538056530958122]
    velocities: [1.5416644821525231e-19, 1.0603830775499784e-20, 2.4257350295686666e-19, -4.6863715287878845e-19, -1.3402616862856278e-18, -4.5312814910239875e-19]
    accelerations: [-0.11502712477181852, -0.0079117614746474409, -0.18098965704910155, 0.34966093388642422, 1.000000000000081, 0.33808931027359657]
    execution_time: 0.65450608993477499