trajectory:
  - positions: [-0.35387132484883216, 0.65975508343649925, 1.440203961685117, -0.52957134710647868, 1.5702137603064417, -2.6523031159988761]
    velocities: [0, 0, 0, 0, 0, 0]
    accelerations: [0, 0, 0, 0, 0, 0]
    execution_time: 0.86276820305110757