trajectory:
  - positions: [-0.61730995487795259, -0.72617525312945697, -1.3780642908122436, -2.6081750693684813, 1.5707963267948966, -2.1881037516698134]
    velocities: [-0, 0, 0, -0, 0, -0]
    accelerations: [0, 0, 0, 0, 0, 0]
    execution_time: -0.74018450679722203
  - positions: [-0.61731158281198106, -0.72454564378305908, -1.3769420920458166, -2.6109010192604423, 1.5707963268612077, -2.1881072486805002]
    velocities: [-2.7626480002942814e-06, 0.0027654910598939931, 0.0019044016057206408, -0.0046260105666431134, 1.1253177537453303e-10, -5.9345215542235334e-06]
    accelerations: [0.00059719880888616992, -0.59781339018873059, -0.41167255852215906, 0.99999999999993505, -2.4325879449122151e-08, 0.0012828594895600413]
    execution_time: -0.74018450679722203
  - positions: [-0.61731158920200058, -0.72453924718762652, -1.3769376871548411, -2.6109117192473237, 1.570796326861468, -2.1881072624070801]
    velocities: [3.7727888443346532e-21, -3.7766714466569284e-18, -2.6007313028769814e-18, 6.3174755009491793e-18, -1.5367814745888242e-25, 8.1044333964562653e-21]
    accelerations: [0.00059719880888633602, -0.5978133901888979, -0.41167255852227452, 1.0000000000002136, -2.4325879449128947e-08, 0.0012828594895603999]
    execution_time: -0.74018450679722203