trajectory:
  - positions: [-4.5573242953859543, 0.067250855410034685, 2.3913740492439648, -0.88796655040951478, 1.5714105849003233, 0.39404437752337768]
    velocities: [0, 0, 0, 0, 0, 0]
    accelerations: [0, 0, 0, 0, 0, 0]
    execution_time: 0.077002331823063153