trajectory:
  - positions: [1.5475537215392845, 0.69414141995743883, 1.4400935736579332, -0.56341043731292062, 1.5707963267948966, 0.92546345908366701]
    velocities: [-0, -0, -0, 0, -0, -0]
    accelerations: [0, 0, 0, 0, 0, 0]
    execution_time: 0.17913979824875567
  - positions: [1.5475534243929534, 0.69185713696117557, 1.4386084260263241, -0.55966606946193731, 1.5707963267450142, 0.9254601946913793]
    velocities: [-2.3117229327248764e-06, -0.017771141133729709, -0.011554071106304657, 0.029130230205835668, -3.8807217630875612e-10, -2.5396142314993749e-05]
    accelerations: [7.9358210230047693e-05, 0.6100583829291486, 0.39663507719165314, -0.99999999999979261, 1.3321974236610475e-08, 0.00087181399307653814]
    execution_time: 0.17913979824875567
  - positions: [1.5475533907224428, 0.69159829824505259, 1.4384401396507536, -0.55924178430601479, 1.5707963267393619, 0.9254598247936433]
    velocities: [-9.3225220463093368e-22, -7.1665965095561434e-18, -4.6594287355270204e-18, 1.1747394528282297e-17, -1.5649848725310834e-25, -1.024154293194943e-20]
    accelerations: [7.9358210230080938e-05, 0.61005838292940551, 0.39663507719181856, -1.0000000000002094, 1.3321974236616048e-08, 0.00087181399307690503]
    execution_time: 0.17913979824875567