trajectory:
  - positions: [-2.1207462824312024, 0.65165461292783244, 1.5650606767551929, -0.64589279733041882, 1.5707886036277354, 0.96511439902650242]
    velocities: [-0, -0, -0, 0, 0, -0]
    accelerations: [0, 0, 0, 0, 0, 0]
    execution_time: -0.62313042726022316
  - positions: [-2.1207475961646827, 0.64839438194083954, 1.5633607248817234, -0.64094751542108996, 1.5707930574722087, 0.9651137815137536]
    velocities: [-2.2635246130736678e-05, -0.056172832567079646, -0.02928967681783131, 0.085205770326708424, 7.6738446101936244e-05, -1.0639565230756799e-05]
    accelerations: [0.00026565391104309413, 0.65926089690494616, 0.34375226825032551, -0.99999999999968547, -0.00090062499062763541, 0.00012486906919516829]
    execution_time: -0.62313042726022316
  - positions: [-2.1207485604914744, 0.64600125720568391, 1.5621129001437815, -0.6373175037726061, 1.5707963267514156, 0.96511332823757778]
    velocities: [2.2651449455070895e-21, 5.6213043599890997e-18, 2.9310643682091699e-18, -8.5266764438447972e-18, -7.6793378923250031e-21, 1.0647181508716105e-21]
    accelerations: [0.00026565391104349501, 0.65926089690593759, 0.34375226825084415, -1.000000000001201, -0.00090062499062899901, 0.00012486906919535851]
    execution_time: -0.62313042726022316