trajectory:
  - positions: [-3.2603757634778345, 0.41381784927451165, 1.9222317247736604, -0.76523443867807683, 1.5707963267948966, -1.6895781051023928]
    velocities: [-0, -0, -0, 0, -0, -0]
    accelerations: [0, 0, 0, 0, 0, 0]
    execution_time: 0
  - positions: [-3.2603767326261197, 0.41069008705109805, 1.9206138307683007, -0.76050127956532221, 1.5707963267726037, -1.6895795326983283]
    velocities: [-1.3786203126721797e-05, -0.044492639571044913, -0.023014657030436973, 0.067329524239333791, -3.1711510146375868e-10, -2.0307653484320243e-05]
    accelerations: [0.00020475717424814322, 0.66081915881175357, 0.34182117414970914, -0.99999999999971023, 4.709896661922508e-09, 0.00030161587674565647]
    execution_time: 0
  - positions: [-3.2603771967353685, 0.40919225292386274, 1.9198390478141054, -0.75823464714817468, 1.5707963267619283, -1.6895802163506521]
    velocities: [1.3892648463773109e-21, 4.483617389822035e-18, 2.3192356640852311e-18, -6.7849385569917889e-18, 3.1956359460934002e-26, 2.0464451915330573e-21]
    accelerations: [0.00020475717424810641, 0.66081915881163544, 0.34182117414964786, -0.99999999999953404, 4.7098966619216494e-09, 0.00030161587674559993]
    execution_time: 0