trajectory:
  - positions: [-0.42293102007719463, -0.35027459263862565, -1.946916564917605, 0.72635335202735596, -1.5707963267948966, 1.1478633093468844]
    velocities: [-0, 0, 0, -0, -0, -0]
    accelerations: [0, 0, 0, 0, 0, 0]
    execution_time: -0.7401787534528983
  - positions: [-0.42293300222416413, -0.34759452546236747, -1.9452556716979474, 0.7220450324429194, -1.5707963268437011, 1.1478629114704639]
    velocities: [-2.1807705437101105e-05, 0.029486267381079904, 0.018273251506559854, -0.047400402629909168, -5.369483161908811e-10, -4.3774613653026469e-06]
    accelerations: [0.00046007426576854084, -0.62206786746696696, -0.38550836053488086, 0.9999999999994329, 1.1327927325490061e-08, 9.2350721142144814e-05]
    execution_time: -0.7401787534528983
  - positions: [-0.42293351907117321, -0.34689569498940931, -1.9448225919585633, 0.7209216333581806, -1.5707963268564267, 1.1478628077237483]
    velocities: [-4.9108997175103221e-21, 6.6400430146046541e-18, 4.1149723853519145e-18, -1.0674145638865511e-17, -1.2091594605883322e-25, -9.8576504732607694e-22]
    accelerations: [0.00046007426576864449, -0.62206786746710474, -0.38550836053496562, 0.99999999999965528, 1.1327927325492529e-08, 9.2350721142166092e-05]
    execution_time: -0.7401787534528983