trajectory:
  - positions: [1.8131237459678227, 0.18898493503939784, -2.6198477044262987, 0.86006600982832693, -1.5707963267948966, -0.93204606092904307]
    velocities: [0, 0, 0, 0, 0, 0]
    accelerations: [0, 0, 0, 0, 0, 0]
    execution_time: 4.6372507483977642e-310