trajectory:
  - positions: [-1.5583975808658692, 0.16409847695617755, 2.3047629905885167, -0.8980645914728228, 1.5707963267948966, 2.431220531789839]
    velocities: [0, 0, 0, 0, 0, 0]
    accelerations: [0, 0, 0, 0, 0, 0]
    execution_time: 4.6808949471853521e-310