trajectory:
  - positions: [-1.7265467757743278, 0.28054161699717745, 1.9736915870430982, -0.68341307524313644, 1.5707963267948966, -3.0443353421606445]
    velocities: [-0, -0, -0, 0, -0, -0]
    accelerations: [0, 0, 0, 0, 0, 0]
    execution_time: -0.2652759448088079
  - positions: [-1.7265481627026276, 0.27946060424957925, 1.9728764392177049, -0.68154038987747034, 1.5707963267703631, -3.044336025753553]
    velocities: [3.7741690324838929e-21, 2.9416984543498696e-18, 2.2182153756778109e-18, -5.096032084638436e-18, 6.6761579867059312e-26, 1.8602224689865815e-21]
    accelerations: [0.00074060935445441746, 0.57725273418445189, 0.43528285121358501, -0.99999999999978229, 1.3100698496049894e-08, 0.00036503350804906859]
    execution_time: -0.2652759448088079