trajectory:
  - positions: [-0.37024570423215708, -0.78874229477826074, -1.2235041416820234, -2.7001753008058134, 1.5707963267948966, -1.941037636811255]
    velocities: [0, 0, 0, -0, 0, -0]
    accelerations: [0, 0, 0, 0, 0, 0]
    execution_time: -0.84868340058104208
  - positions: [-0.37024507306918253, -0.7873033052243531, -1.2222191919074892, -2.7028662494472764, 1.5707963268355085, -1.9410407357603678]
    velocities: [9.1353392372232306e-07, 0.0020827675678411197, 0.0018598131650343272, -0.0038948306066189297, 5.8780846613902664e-11, -4.4853631419231951e-06]
    accelerations: [-0.00023455036071912499, -0.53475177182332978, -0.47750810057664722, 1.0000000000000413, -1.5092016200656234e-08, 0.0011516195683326721]
    execution_time: -0.84868340058104208
  - positions: [-0.37024507129015261, -0.78729924921091821, -1.2222155700788704, -2.7028738343000032, 1.5707963268356229, -1.9410407444952327]
    velocities: [-1.5293918492238616e-21, -3.4868631140754836e-18, -3.1136042371507035e-18, 6.5205265280123524e-18, -9.8407891997567855e-26, 7.5091659454910265e-21]
    accelerations: [-0.00023455036071904888, -0.53475177182315459, -0.47750810057649307, 0.99999999999971423, -1.509201620065141e-08, 0.0011516195683322977]
    execution_time: -0.84868340058104208