trajectory:
  - positions: [2.5033091067049762, -0.67845939587850723, -1.294373521450122, -2.7395855575651331, 1.5707886036277354, -0.63827988503831823]
    velocities: [0, 0, 0, -0, 0, 0]
    accelerations: [0, 0, 0, 0, 0, 0]
    execution_time: 0.74094392555189359
  - positions: [2.5033216938620071, -0.67780968108732698, -1.2935365219622801, -2.7410424504545889, 1.570796326464172, -0.63827030602281498]
    velocities: [-1.3635361796165008e-20, -7.0382026857350785e-19, -9.0670123618183776e-19, 1.5782167170258452e-18, -8.365961324453041e-21, -1.0376715068958204e-20]
    accelerations: [-0.0086397271357391784, -0.44595920254848115, -0.57450996837148249, 1.0000000000000282, -0.0053008951395591359, -0.0065749620803114113]
    execution_time: 0.74094392555189359