trajectory:
  - positions: [-1.2708849732678411, 0.39926959945065404, 2.0296525910289334, -0.85812549750004063, 1.5707963267948966, 0.36053575231870094]
    velocities: [0, 0, 0, 0, 0, 0]
    accelerations: [0, 0, 0, 0, 0, 0]
    execution_time: 4.6808947444887945e-310