trajectory:
  - positions: [-1.9892822646966399, 0.35652662961369563, 1.9887525619558233, -0.77444924236585999, 1.5707963267948966, -0.33852991907332169]
    velocities: [-0, -0, -0, 0, 0, 0]
    accelerations: [0, 0, 0, 0, 0, 0]
    execution_time: -0.43816146118249455
  - positions: [-1.9892823016693879, 0.35327287086782766, 1.9869912355324932, -0.76944924236585999, 1.570796326814939, -0.33852867228041883]
    velocities: [-7.3945495657572729e-07, -0.065075174917358591, -0.035226528466600009, 0.10000000000000006, 4.0084971192784142e-10, 2.4935858057376251e-05]
    accelerations: [-7.3945495657572672e-06, -0.65075174917358314, -0.35226528466599499, 0.99999999999998612, 4.008497119278344e-09, 0.00024935858057375962]
    execution_time: -0.43816146118249455
  - positions: [-1.989282345924553, 0.34937822847754824, 1.9848829856322412, -0.76346440652757686, 1.5707963268389293, -0.33852717991024922]
    velocities: [-7.47113010280911e-08, -0.0065749116149288536, -0.0035591346694465631, 0.0101035634914214, 4.0500105149809212e-11, 2.5194102509577267e-06]
    accelerations: [7.3945495657554884e-06, 0.65075174917343048, 0.35226528466591572, -0.99999999999976197, -4.008497119277454e-09, -0.00024935858057370303]
    execution_time: -0.43816146118249455
  - positions: [-1.9892823463019782, 0.34934501345907226, 1.9848650056606876, -0.76341336552996431, 1.5707963268391338, -0.33852716718273851]
    velocities: [-5.5423694938329833e-23, -4.8775204096001946e-18, -2.6403019549836339e-18, 7.4952090651993556e-18, 3.0044523946241055e-26, 1.8689946936017074e-21]
    accelerations: [7.3945495657473552e-06, 0.65075174917271317, 0.35226528466552764, -0.99999999999865929, -4.0084971192730385e-09, -0.00024935858057342813]
    execution_time: -0.43816146118249455