trajectory:
  - positions: [-0.90428280630204882, -0.27022741047713911, 2.6693627933097059, -0.82833857333972238, 1.5707963267948966, -3.7510288395468718]
    velocities: [0, 0, 0, 0, 0, 0]
    accelerations: [0, 0, 0, 0, 0, 0]
    execution_time: 4.6372507532079873e-310