trajectory:
  - positions: [1.610198594070946, 0.95638395776197749, 0.96719992047614356, 2.7888164871602288, -1.5707963267948966, -2.1534918454045444]
    velocities: [-0, -0, -0, 0, 0, 0]
    accelerations: [0, 0, 0, 0, 0, 0]
    execution_time: 0.1192560033847353
  - positions: [1.6101963906559014, 0.95505805720969195, 0.96599301235167934, 2.7913375844437129, -1.570796326789758, -2.1534904825789458]
    velocities: [-3.6956395939781013e-07, -0.00022238436606568198, -0.0002024265678868928, 0.00042284666086844373, 8.6186209698746902e-13, 2.2857755529983778e-07]
    accelerations: [0.00087399048780197562, 0.52592201061484323, 0.47872334493825519, -1.0000000000001019, -2.038237916358289e-09, -0.00054056842929871502]
    execution_time: 0.1192560033847353
  - positions: [1.610196390577767, 0.95505801019244863, 0.96599296955398017, 2.7913376738433624, -1.5707963267897578, -2.1534904825306191]
    velocities: [4.6332822437392001e-21, 2.788068231156169e-18, 2.5378541353969641e-18, -5.3012959619183608e-18, -1.0805302435417991e-26, -2.8657132313815371e-21]
    accelerations: [0.00087399048780197552, 0.52592201061484301, 0.47872334493825514, -1.0000000000001015, -2.0382379163582886e-09, -0.00054056842929871491]
    execution_time: 0.1192560033847353