trajectory:
  - positions: [1.7011713779597257, 0.13962991878226116, -2.6366445277375372, 0.92621806577854093, -1.5707963267948966, 0.0031998444858587737]
    velocities: [0, 0, 0, 0, 0, 0]
    accelerations: [0, 0, 0, 0, 0, 0]
    execution_time: 4.6372509015470473e-310