trajectory:
  - positions: [-1.4979375656925087, 0.62509903527616184, 1.6098515841809087, -0.6641280605254366, 1.5707963267948966, -3.1047334388386605]
    velocities: [-0, -0, -0, 0, 0, 0]
    accelerations: [0, 0, 0, 0, 0, 0]
    execution_time: -0.089093301450534415
  - positions: [-1.4979375868519811, 0.62215205048564393, 1.6083354754415393, -0.65968468370837341, 1.5707963268072711, -3.1047324497648385]
    velocities: [-2.5150303587257379e-07, -0.035028076450973146, -0.018020579204036734, 0.052814301366387144, 1.470859946514597e-10, 1.1756203683621058e-05]
    accelerations: [4.7620252349419525e-06, 0.66323089664622081, 0.34120642965666137, -0.99999999999996259, -2.7849652621754711e-09, -0.0002225950808676722]
    execution_time: -0.089093301450534415
  - positions: [-1.4979375934934598, 0.62122705879266071, 1.6078596032910999, -0.65829000849396369, 1.5707963268111553, -3.1047321393169964]
    velocities: [-6.7045668619731264e-23, -9.3377831324009787e-18, -4.8039252387458784e-18, 1.4079234214840555e-17, 3.9210178206364615e-26, 3.1339682786074642e-21]
    accelerations: [4.7620252349408623e-06, 0.66323089664605428, 0.34120642965658698, -0.99999999999973521, -2.7849652621748284e-09, -0.00022259508086762276]
    execution_time: -0.089093301450534415