trajectory:
  - positions: [1.6017750155430253, -0.27326078424825301, -2.2315174053377946, 0.9339815798302854, -1.5707963267948966, -2.8875342761311771]
    velocities: [0, 0, 0, 0, 0, 0]
    accelerations: [0, 0, 0, 0, 0, 0]
    execution_time: 4.680894939396506e-310