trajectory:
  - positions: [0.91095109535549823, -0.70450045080757451, -1.4629224568382015, -2.5449657398437773, 1.5707963267948966, -3.6083885999816832]
    velocities: [0, 0, 0, 0, 0, 0]
    accelerations: [0, 0, 0, 0, 0, 0]
    execution_time: 0.055885080999999996