trajectory:
  - positions: [-3.1480164644551731, 0.8110605833985336, 1.240829602469643, 2.6605168374328985, -1.5707963267948966, -1.5772196050280587]
    velocities: [0, -0, -0, 0, -0, 0]
    accelerations: [0, 0, 0, 0, 0, 0]
    execution_time: 0
  - positions: [-3.1480151185553282, 0.80951980233971377, 1.2397333270086239, 2.6631355444726479, -1.57079632681452, -1.5772187911737992]
    velocities: [1.2350460302447992e-06, -0.0014138760303173872, -0.0010059817312054122, 0.0024030196196474364, -1.8007263599937601e-11, 7.4682189469615859e-07]
    accelerations: [-0.00051395586625544918, 0.58837473433727405, 0.41863234198352356, -0.9999999999999506, 7.4935982431049327e-09, -0.00031078476787704844]
    execution_time: 0
  - positions: [-3.1480151170714081, 0.8095181035537935, 1.2397321183117054, 2.6631384317242941, -1.5707963268145417, -1.5772187902764854]
    velocities: [1.2649313901765637e-21, -1.4480886774820879e-18, -1.0303242458855283e-18, 2.4611673360058466e-18, -1.8442999225081571e-26, 7.6489331922718859e-22]
    accelerations: [-0.00051395586625552995, 0.58837473433736653, 0.4186323419835894, -1.0000000000001077, 7.4935982431061106e-09, -0.00031078476787709734]
    execution_time: 0