trajectory:
  - positions: [1.379065772540168, -0.20026225712290649, 2.4904305923055707, -0.72029565923283456, 1.5705397312238674, -3.0802304925971686]
    velocities: [0, -0, -0, 0, 0, -0]
    accelerations: [0, 0, 0, 0, 0, 0]
    execution_time: 0.22954097330076614
  - positions: [1.3791441786870722, -0.20029567238299611, 2.4900483091232606, -0.71895604834963711, 1.5707965615117228, -3.0808168980311708]
    velocities: [3.2109634275342502e-19, -1.3684536519888472e-19, -1.5655626067943274e-18, 5.4861024586928764e-18, 1.0517959292083375e-18, -2.401503551233644e-18]
    accelerations: [-0.058529045924868524, 0.024944004642499143, 0.2853688239659799, -0.99999999999982714, -0.19172006668259664, 0.43774310985169124]
    execution_time: 0.22954097330076614