trajectory:
  - positions: [-4.5948365172363745, -0.25257805936669558, -2.0195279183547243, 0.70130938461041437, -1.5707963267948966, 0.60169051508463789]
    velocities: [0, 0, 0, 0, 0, 0]
    accelerations: [0, 0, 0, 0, 0, 0]
    execution_time: 4.6372507430879418e-310