trajectory:
  - positions: [0.74978131329483755, -0.11789021023118648, -2.1895407933940203, 0.73774548964336073, -1.5703064383123766, 2.1180788602833793]
    velocities: [0, -0, 0, -0, -0, 0]
    accelerations: [0, 0, 0, 0, 0, 0]
    execution_time: -0.32830295409824317
  - positions: [0.74980994085311425, -0.11801429074002576, -2.1892448478913233, 0.73646253350219348, -1.5707964369070608, 2.1182482500724613]
    velocities: [-4.3692104789920623e-20, 1.893748164684929e-19, -4.5167952470688827e-19, 1.9580801694276234e-18, 7.4784827049947836e-19, -2.585269879944612e-19]
    accelerations: [-0.022313746634126982, 0.096714536731063394, -0.23067468419277115, 0.99999999999990397, 0.38192934190126338, -0.13203084941614407]
    execution_time: -0.32830295409824317