trajectory:
  - positions: [-1.818847411782621, 0.43251683539433949, 1.7072970479410714, -0.56897038529970634, 1.5707963267948966, 3.3930134363047948]
    velocities: [-0, -0, -0, 0, -0, -0]
    accelerations: [0, 0, 0, 0, 0, 0]
    execution_time: -0.358390038468829
  - positions: [-1.8188479905133703, 0.43165372770489857, 1.7064678221847067, -0.56732489629981098, 1.5707963267016025, 3.3930100410275275]
    velocities: [1.8502336452782704e-22, 2.7594021716824825e-19, 2.6510797909933012e-19, -5.2607177242645624e-19, 2.9826611141862206e-26, 1.0854885872959334e-21]
    accelerations: [0.00035170745557106268, 0.52452960153243222, 0.5039388026401862, -1.0000000000002216, 5.6696847664523799e-08, 0.0020633849679663687]
    execution_time: -0.358390038468829