trajectory:
  - positions: [-3.1983281048206234, 0.52010234469264749, 1.7221090172918743, -0.67136766421173522, 1.5707963267948966, 1.5140610087221211]
    velocities: [0, -0, -0, 0, 0, 0]
    accelerations: [0, 0, 0, 0, 0, 0]
    execution_time: -0.84867514013926471
  - positions: [-3.1983280100559757, 0.51698195342577213, 1.7202081034559717, -0.66636766421173532, 1.5707963268048006, 1.5140613391769531]
    velocities: [1.8952929533659363e-06, -0.062407825337506627, -0.038018276718047715, 0.099999999999999437, 1.980797419555745e-10, 6.6090966402595593e-06]
    accelerations: [1.8952929533652785e-05, -0.62407825337485012, -0.38018276718034505, 0.99999999999965306, 1.9807974195550514e-09, 6.6090966402572752e-05]
    execution_time: -0.84867514013926471
  - positions: [-3.1983278965450768, 0.51324428936541278, 1.717931152676845, -0.66037856902992798, 1.5707963268166638, 1.5140617350020416]
    velocities: [1.9234245148309736e-07, -0.0063334135737839982, -0.0038582576546414178, 0.010148428565700444, 2.0101981115485364e-11, 6.707194513748533e-07]
    accelerations: [-1.8952929533654987e-05, 0.62407825337492229, 0.38018276718038874, -0.99999999999976374, -1.9807974195552892e-09, -6.6090966402580287e-05]
    execution_time: -0.84867514013926471
  - positions: [-3.1983278955690899, 0.51321215226779748, 1.717911575050747, -0.66032707372875132, 1.5707963268167657, 1.5140617384054158]
    velocities: [3.3181968925618222e-23, -1.092609201858162e-18, -6.6560753809769696e-19, 1.7507567295435081e-18, 3.4678944121496559e-27, 1.157092041913788e-22]
    accelerations: [-1.8952929533680985e-05, 0.62407825337577827, 0.38018276718091099, -1.0000000000011353, -1.9807974195580048e-09, -6.6090966402670994e-05]
    execution_time: -0.84867514013926471