trajectory:
  - positions: [0.7497222576976651, -0.11799938319112292, -2.1890299990969431, 0.73589612400338245, -1.5708212273510889, 2.1173559452054773]
    velocities: [0, 0, 0, 0, 0, 0]
    accelerations: [0, 0, 0, 0, 0, 0]
    execution_time: -0.32841408459685201