trajectory:
  - positions: [4.4823142327549998, 0.18353148020670168, 2.0662618681117619, -0.67879422180655746, 1.5702274755860557, -0.47211384632510089]
    velocities: [0, 0, 0, 0, 0, 0]
    accelerations: [0, 0, 0, 0, 0, 0]
    execution_time: -0.3018965561562848