trajectory:
  - positions: [-3.2965276426434422, 0.55748989731453824, 1.6728326808001925, -0.65949336128037173, 1.5707963267948966, 1.4158629356379018]
    velocities: [0, -0, -0, 0, 0, 0]
    accelerations: [0, 0, 0, 0, 0, 0]
    execution_time: 0
  - positions: [-3.2965246935645984, 0.55558685790553763, 1.6717037902792191, -0.65649340081951335, 1.570796326875624, 1.4158649576289006]
    velocities: [1.0377363333802087e-05, -0.0066965084460593139, -0.0039723953548317916, 0.010556408064367024, 2.8406720268799084e-10, 7.1150811367009037e-06]
    accelerations: [-0.00098303923744948868, 0.63435483028195572, 0.37630179987453671, -0.99999999999989442, -2.6909456413192842e-08, -0.00067400588280752606]
    execution_time: 0
  - positions: [-3.2965246387907574, 0.5555515123676561, 1.6716828231660397, -0.65643768194390262, 1.5707963268771232, 1.4158649951837505]
    velocities: [4.9748958431544592e-21, -3.2102983157036072e-18, -1.9043616863396667e-18, 5.0607296775471373e-18, 1.3618148467692007e-25, 3.4109615739657508e-21]
    accelerations: [-0.00098303923744943664, 0.63435483028192163, 0.37630179987451562, -0.99999999999984146, -2.6909456413191327e-08, -0.00067400588280748758]
    execution_time: 0