trajectory:
  - positions: [-3.198323311130661, 0.52613626877443997, 1.7254373028642007, -0.68074585283239475, 1.5707963267948966, 1.514076588214498]
    velocities: [-0, -0, -0, 0, -0, -0]
    accelerations: [0, 0, 0, 0, 0, 0]
    execution_time: 0
  - positions: [-3.1983245948842636, 0.52511796863180249, 1.7248507776130158, -0.67917209265502476, 1.5707963265953548, 1.5140650390902475]
    velocities: [1.5589945470218275e-21, 1.236627002620968e-18, 7.1227817120377894e-19, -1.9111794740051622e-18, 2.4232410899375743e-25, 1.4025294023625908e-20]
    accelerations: [0.00081572378116550736, 0.64704912303661832, 0.37269036262245769, -0.99999999999972355, 1.2679296334522889e-07, 0.0073385541307797383]
    execution_time: 0