trajectory:
  - positions: [-0.88597111038374565, 0.27673001762127197, 2.1739354683544829, -0.87986887621999266, 1.5707963267948966, 3.4169656408328586]
    velocities: [0, 0, 0, 0, 0, 0]
    accelerations: [0, 0, 0, 0, 0, 0]
    execution_time: 4.6808947440010529e-310