trajectory:
  - positions: [0.47778914247660065, -0.22317684415600483, -2.1760915635730114, 0.82847173139422636, -1.5707963267948966, -0.26634062673470937]
    velocities: [0, 0, 0, 0, 0, 0]
    accelerations: [0, 0, 0, 0, 0, 0]
    execution_time: 4.6372507483977642e-310