trajectory:
  - positions: [-1.7525205858858706, 0.7887266487068566, 1.3023611405075968, -0.52027571647961157, 1.5707963267948966, 0.040591868045474121]
    velocities: [-0, -0, -0, 0, -0, 0]
    accelerations: [0, 0, 0, 0, 0, 0]
    execution_time: -0.34192631395230061
  - positions: [-1.7525217495910166, 0.78587544767372719, 1.3005609632587429, -0.51563523338241668, 1.5707963267928544, 0.040592786466463394]
    velocities: [-1.5567484633845433e-05, -0.03814198847069241, -0.02408190060019328, 0.06207813855811626, -2.7319173907364419e-11, 1.2286191810766584e-05]
    accelerations: [0.00025077241353286628, 0.61441901056661663, 0.38792884515456016, -1.0000000000000677, 4.4007720820737251e-10, -0.00019791495196437499]
    execution_time: -0.34192631395230061
  - positions: [-1.7525222327912509, 0.78469155585114436, 1.299813483477642, -0.51370838573899635, 1.5707963267920064, 0.040593167818422184]
    velocities: [-2.1555320604415341e-21, -5.2812821680145793e-18, -3.33446989292196e-18, 8.5955709006213225e-18, -3.7827148448937088e-27, 1.7011920019027363e-21]
    accelerations: [0.00025077241353279797, 0.61441901056644777, 0.38792884515445641, -0.99999999999979616, 4.4007720820725334e-10, -0.0001979149519643216]
    execution_time: -0.34192631395230061