trajectory:
  - positions: [0.38615656042775376, -0.54979542571405404, -1.5826986594967332, -2.5798944291207118, 1.5707963267948966, 1.414609785186965]
    velocities: [0, 0, 0, 0, 0, 0]
    accelerations: [0, 0, 0, 0, 0, 0]
    execution_time: 4.6372509448192928e-310