trajectory:
  - positions: [2.9651443829343753, 0.43158213243074894, 1.8905792562697417, -0.75133054067996397, 1.5707963267948966, 1.3943461919267155]
    velocities: [-0, -0, -0, 0, -0, -0]
    accelerations: [0, 0, 0, 0, 0, 0]
    execution_time: 0
  - positions: [2.9651419574959048, 0.42880587705356354, 1.889123524629547, -0.74712644836985376, 1.5707963267469023, 1.394345820429912]
    velocities: [-2.5140214378961574e-05, -0.028776510390241365, -0.015088985333880934, 0.043576360819539882, -4.9747049158326273e-10, -3.8506477901048144e-06]
    accelerations: [0.0005769232195197172, 0.66036974747414157, 0.34626538449064487, -1, 1.141606325602574e-08, 8.8365520150968005e-05]
    execution_time: 0
  - positions: [2.9651414097363782, 0.42817888925361736, 1.8887947630948922, -0.74617699875871646, 1.5707963267360634, 1.394345736531303]
    velocities: [3.7107086216838082e-21, 4.2474277902897096e-18, 2.2271420253976863e-18, -6.4318933544969315e-18, 7.3426901390947652e-26, 5.6835760182566261e-22]
    accelerations: [0.00057692321951955479, 0.66036974747395594, 0.34626538449054806, -0.99999999999972811, 1.1416063256022493e-08, 8.8365520150941929e-05]
    execution_time: 0