trajectory:
  - positions: [-1.9916452875318673, -0.13085641753186092, -2.3680639328547191, 0.92770297782334188, -1.5707185624910662, -0.18210350987495802]
    velocities: [0, 0, 0, 0, 0, 0]
    accelerations: [0, 0, 0, 0, 0, 0]
    execution_time: 0.071126032247517484