trajectory:
  - positions: [-3.1983281048206234, 0.50262887872744677, 1.7111415872907099, -0.64293009719673289, 1.5707963267948966, 1.5140610087221211]
    velocities: [0, -0, -0, 0, 0, 0]
    accelerations: [0, 0, 0, 0, 0, 0]
    execution_time: -0.84867552334905738
  - positions: [-3.1983280108301133, 0.49965299523822132, 1.7090978350201871, -0.63793009719673288, 1.5707963268040177, 1.5140613364772175]
    velocities: [1.8798102012533882e-06, -0.059517669784509467, -0.040875045410458277, 0.10000000000000019, 1.8242048485430872e-10, 6.5551019276028664e-06]
    accelerations: [1.8798102012535926e-05, -0.59517669784516558, -0.40875045410462851, 1.000000000000111, 1.8242048485432941e-09, 6.5551019276036587e-05]
    execution_time: -0.84867552334905738
  - positions: [-3.1983278967086894, 0.49603973619025937, 1.7066163513162729, -0.63185919579712468, 1.5707963268150922, 1.5140617344309921]
    velocities: [2.0700828746298671e-07, -0.006554199401441644, -0.004501238021130529, 0.011012190875704451, 2.0088491988541966e-11, 7.2186033636460801e-07]
    accelerations: [-1.8798102012531643e-05, 0.59517669784502325, 0.4087504541045332, -0.99999999999988054, -1.8242048485428679e-09, -6.5551019276020799e-05]
    execution_time: -0.84867552334905738
  - positions: [-3.1983278955688821, 0.49600364814283632, 1.7065915670701401, -0.63179856162318326, 1.5707963268152028, 1.5140617384056241]
    velocities: [1.9828795854192801e-23, -6.2781004331576006e-19, -4.3116210904400029e-19, 1.0548296759413119e-18, 1.9242254092392706e-27, 6.9145160420555869e-23]
    accelerations: [-1.8798102012541638e-05, 0.59517669784534022, 0.40875045410475136, -1.0000000000004143, -1.8242048485438394e-09, -6.5551019276055696e-05]
    execution_time: -0.84867552334905738