trajectory:
  - positions: [-0.88744517004710455, -0.15692402084804496, 2.5488446339714779, -0.82112406994669773, 1.5707963267948966, 0.45459883504689502]
    velocities: [0, 0, 0, 0, 0, 0]
    accelerations: [0, 0, 0, 0, 0, 0]
    execution_time: 4.6372507505226417e-310