trajectory:
  - positions: [4.1746735867962075, 0.5300292443664042, 1.6595653448816359, -0.61879799613703435, 1.5707963267948966, -2.7140855238115154]
    velocities: [0, 0, 0, 0, 0, 0]
    accelerations: [0, 0, 0, 0, 0, 0]
    execution_time: 0.037937315999999999