trajectory:
  - positions: [1.6521764044372109, -0.16679163189803381, -2.1763763886515952, 0.77237144408338021, -1.5707963267948966, 2.5727033615452797]
    velocities: [0, 0, 0, 0, 0, 0]
    accelerations: [0, 0, 0, 0, 0, 0]
    execution_time: 4.6372509466255968e-310