trajectory:
  - positions: [1.4855163160522702, 0.76126759365537655, 1.3469158255446223, -0.53734454840668833, 1.5707963267948966, 0.86342472201610765]
    velocities: [0, -0, -0, 0, -0, -0]
    accelerations: [0, 0, 0, 0, 0, 0]
    execution_time: 0.24295817830065369
  - positions: [1.4855172557176728, 0.76043337249415621, 1.3463789432226643, -0.53601566212702911, 1.5707963267927267, 0.86342368978887252]
    velocities: [3.6860384806064943e-22, -3.2724108955036661e-19, -2.1060357152876517e-19, 5.2128406022219722e-19, -8.5115824729313262e-28, -4.0491320622204127e-22]
    accelerations: [-0.00070710746057252695, 0.6277596314970465, 0.40400922951489843, -1.0000000000000127, 1.6328108074709542e-09, 0.00077676115024398061]
    execution_time: 0.24295817830065369