trajectory:
  - positions: [-0.33649220136524755, 0.6862484096976893, 1.4674157422293832, -0.58214351189470148, 1.5710015233568873, 3.6130398108255064]
    velocities: [0, 0, 0, 0, 0, 0]
    accelerations: [0, 0, 0, 0, 0, 0]
    execution_time: 0.86849498152894145