trajectory:
  - positions: [-0.26973041468345993, 0.40738927800868296, 1.9105114191323307, -0.74706915004070085, 1.5708040499620579, 2.8718823457725633]
    velocities: [0, -0, -0, 0, -0, -0]
    accelerations: [0, 0, 0, 0, 0, 0]
    execution_time: 0.69794232577500892
  - positions: [-0.26972262010157677, 0.40624753759090881, 1.9098828183743899, -0.74533370236058338, 1.5707963267272678, 2.8718706872127764]
    velocities: [-2.3361974529559272e-20, 3.4220322474309139e-18, 1.8840465231374893e-18, -5.2014957451264402e-18, 2.3148132530761192e-20, 3.4943115727813134e-20]
    accelerations: [-0.0044913954897395489, 0.65789388574187657, 0.36221245108252559, -1.000000000000046, 0.0044502838539185532, 0.00671789758946834]
    execution_time: 0.69794232577500892