trajectory:
  - positions: [-0.2705242863596557, 0.0037893429953775692, 2.5759894360143285, -1.0089822548183967, 1.5707963267948966, 2.7124149228597085]
    velocities: [0, 0, 0, 0, 0, 0]
    accelerations: [0, 0, 0, 0, 0, 0]
    execution_time: 4.6372509493220095e-310