trajectory:
  - positions: [1.2452765488578572, -0.61140359621237483, -1.6367548375128891, 0.6773618406142583, -1.5707963267948966, -3.2916479325780896]
    velocities: [0, 0, 0, 0, 0, 0]
    accelerations: [0, 0, 0, 0, 0, 0]
    execution_time: 0.046172078999999998