trajectory:
  - positions: [0.6005487513462936, -0.48912988108356681, -1.691013682088, 0.60934690348153386, -1.5707963267948966, 3.3326289217483382]
    velocities: [0, 0, 0, 0, 0, 0]
    accelerations: [0, 0, 0, 0, 0, 0]
    execution_time: 0