trajectory:
  - positions: [-3.2629829981850218, 0.42389172215092713, 1.9256779883822774, -0.77872614591847278, 1.5707963267948966, 1.4494094443090848]
    velocities: [0, -0, -0, 0, -0, -0]
    accelerations: [0, 0, 0, 0, 0, 0]
    execution_time: -0.74017505440414744
  - positions: [-3.2629827426432367, 0.42052934324563224, 1.924017947516927, -0.77372614591847277, 1.5707963267752976, 1.4494083575999728]
    velocities: [5.1108356982446553e-06, -0.067247578105897723, -0.033200817307008954, 0.099999999999999256, -3.9197686947703893e-10, -2.1734182238031722e-05]
    accelerations: [5.1108356982420037e-05, -0.67247578105863526, -0.33200817306992547, 0.99999999999948652, -3.9197686947683841e-09, -0.00021734182238020844]
    execution_time: -0.74017505440414744
  - positions: [-3.2629824640237066, 0.41686331096766893, 1.922207989874875, -0.76827460047814444, 1.5707963267539289, 1.4494071727511522]
    velocities: [2.3344329735868881e-07, -0.0030716104565479316, -0.0015164855074119379, 0.0045676149878749661, -1.7903994239236456e-11, -9.9273376539640297e-07]
    accelerations: [-5.1108356982447291e-05, 0.67247578105898809, 0.33200817307009484, -1.000000000000008, 3.9197686947704546e-09, 0.00021734182238032071]
    execution_time: -0.74017505440414744
  - positions: [-3.2629824634905669, 0.4168562960006898, 1.9222045265139087, -0.76826416892480576, 1.570796326753888, 1.4494071704839393]
    velocities: [1.0639223495531622e-22, -1.3998924153394216e-18, -6.9114120746417588e-19, 2.0816993782808636e-18, -8.1597800549083728e-27, -4.5244033652353957e-22]
    accelerations: [-5.1108356982380118e-05, 0.67247578105810302, 0.33200817306965791, -0.99999999999869249, 3.919768694765293e-09, 0.00021734182238003467]
    execution_time: -0.74017505440414744