trajectory:
  - positions: [-1.8629176678173611, 0.6776337493615554, 1.5164063215360992, -0.62320179931558939, 1.5707963267948966, 3.3641791248663977]
    velocities: [-0, -0, -0, 0, -0, 0]
    accelerations: [0, 0, 0, 0, 0, 0]
    execution_time: -0.4255117809450415
  - positions: [-1.8629188265813694, 0.67441355891821764, 1.5146710344944165, -0.61827072833315166, 1.5707963267815566, 3.3641796485928479]
    velocities: [-1.9597281162719255e-05, -0.054460595138849065, -0.029347570179365418, 0.083395396980656386, -2.2560890792900149e-10, 8.8573811614606977e-06]
    accelerations: [0.00023499236015707921, 0.65304078055395065, 0.35190875326338672, -1.0000000000000917, 2.7052920916169221e-09, -0.00010620947297026611]
    execution_time: -0.4255117809450415
  - positions: [-1.8629196437428905, 0.6721426774425141, 1.5134473083616535, -0.61479333221437105, 1.5707963267721492, 3.364180017925257]
    velocities: [1.2277419614130835e-21, 3.411879297965669e-18, 1.8385837849418618e-18, -5.2246037300638887e-18, 1.4134079152772737e-26, -5.5490240864851343e-22]
    accelerations: [0.00023499236015710493, 0.65304078055401615, 0.3519087532634258, -1.0000000000001987, 2.7052920916171963e-09, -0.00010620947297027598]
    execution_time: -0.4255117809450415