trajectory:
  - positions: [-1.1313796737798389, 0.28526479976946023, 2.1122209711496409, 2.3149029764389932, -1.5707963267948966, -3.0079035647644696]
    velocities: [0, 0, 0, 0, 0, 0]
    accelerations: [0, 0, 0, 0, 0, 0]
    execution_time: 4.6372507430879418e-310