trajectory:
  - positions: [0.97084405695375342, -0.22825206353488248, -2.1691024967662615, 0.82655798383489543, -1.5707963267948966, -4.0821969158398606]
    velocities: [0, 0, 0, 0, 0, 0]
    accelerations: [0, 0, 0, 0, 0, 0]
    execution_time: 0