trajectory:
  - positions: [1.6251485151662148, -0.14729656034935401, 2.6422163933702012, -0.92432808693193891, 1.569847575656556, 0.29284462228501651]
    velocities: [0, 0, 0, 0, 0, 0]
    accelerations: [0, 0, 0, 0, 0, 0]
    execution_time: 0.137226456509002