trajectory:
  - positions: [1.7473073148939859, -0.34137217774670875, -2.0274497573332741, 0.79802534196897723, -1.5707961936368422, 0.90444798886866096]
    velocities: [0, 0, 0, 0, 0, 0]
    accelerations: [0, 0, 0, 0, 0, 0]
    execution_time: 4.6372509451109892e-310