trajectory:
  - positions: [-0.70723451856167718, 0.56397109930140954, 1.610114038706336, -0.60258693510755856, 1.5712060541286053, -1.5425527044862792]
    velocities: [0, 0, 0, 0, 0, 0]
    accelerations: [0, 0, 0, 0, 0, 0]
    execution_time: 0.58669828657285306