trajectory:
  - positions: [-3.2479033811446665, 0.53317240695345658, 1.6972314974430625, -0.65955561267085228, 1.5707963267948966, 1.464487596610841]
    velocities: [-0, -0, -0, 0, -0, -0]
    accelerations: [0, 0, 0, 0, 0, 0]
    execution_time: -0.84867658833077697
  - positions: [-3.2479036778035768, 0.53007439074043206, 1.6953129465964332, -0.65456660500986263, 1.5707963267609448, 1.4644865827727438]
    velocities: [-5.5519723498724439e-06, -0.057979382217503948, -0.035905684538631896, 0.09336929253193868, -6.3540761378750884e-10, -1.8973982866982805e-05]
    accelerations: [5.9462508489896213e-05, 0.62096842168649058, 0.38455560243613357, -1.0000000000006382, 6.8053167862504612e-09, 0.00020321437972237766]
    execution_time: -0.84867658833077697
  - positions: [-3.2479039369954421, 0.52736764379088841, 1.6936367024148098, -0.65020769261590516, 1.570796326731281, 1.4644856969790654]
    velocities: [8.3297839884019107e-23, 8.6988136686936986e-19, 5.3870332435891459e-19, -1.400846382022824e-18, 9.5332033985318007e-27, 2.8467212860891992e-22]
    accelerations: [5.9462508489889451e-05, 0.62096842168640887, 0.38455560243608639, -1.000000000000528, 6.8053167862495224e-09, 0.0002032143797223528]
    execution_time: -0.84867658833077697