trajectory:
  - positions: [-2.0555361199795223, 0.74272959562344398, 1.3929138107344166, 2.5767825253869541, -1.5707963267948966, 1.8251097019278877]
    velocities: [-0, -0, -0, 0, 0, 0]
    accelerations: [0, 0, 0, 0, 0, 0]
    execution_time: -0.50894768418392378
  - positions: [-2.0555381546181422, 0.73963134112730389, 1.3910930289176102, 2.5816789379458074, -1.5707963267606886, 1.825109908193574]
    velocities: [-3.3095197619120409e-05, -0.050395851047296374, -0.029616627473214668, 0.079644483140260333, 5.564233541062883e-10, 3.3550939134088676e-06]
    accelerations: [0.0004155365985721088, 0.63276009913417441, 0.37186037633105351, -1.0000000000005074, -6.9863389423553177e-09, -4.2125879673321538e-05]
    execution_time: -0.50894768418392378
  - positions: [-2.0555394725430967, 0.73762446537276605, 1.3899136284238793, 2.5848505597931468, -1.5707963267385305, 1.8251100418009343]
    velocities: [-4.2857756273615052e-21, -6.5261828203696933e-18, -3.8353063078860712e-18, 1.0313834309879672e-17, 7.2055942284077251e-26, 4.3447934310835583e-22]
    accelerations: [0.00041553659857223614, 0.63276009913438225, 0.37186037633117325, -1.0000000000008211, -6.9863389423576156e-09, -4.2125879673335728e-05]
    execution_time: -0.50894768418392378