trajectory:
  - positions: [0.43423344245397733, -0.51268893645570746, -1.651809154522889, 0.59370143128856367, -1.5707963267948966, 0.4625634510504541]
    velocities: [0, 0, 0, 0, 0, 0]
    accelerations: [0, 0, 0, 0, 0, 0]
    execution_time: 0