trajectory:
  - positions: [0.94380711293505104, 0.59314829273015424, 1.5808929031196051, -0.60322462903057805, 1.5707963267948966, 2.5146038392041112]
    velocities: [0, -0, -0, 0, 0, 0]
    accelerations: [0, 0, 0, 0, 0, 0]
    execution_time: 0.66692541224703161
  - positions: [0.94380931179977157, 0.59225283040208321, 1.5802781601658733, -0.6017343369781607, 1.5707963268409977, 2.5146062921844612]
    velocities: [-5.4296417141299037e-21, 2.2111590424547731e-18, 1.5179805987567146e-18, -3.6799680391911805e-18, -1.1383718958849331e-25, -6.0571277112781478e-21]
    accelerations: [-0.0014754589323344093, 0.60086365395192631, 0.412498310471825, -0.99999999999997502, -3.0934287574277605e-08, -0.0016459729124737976]
    execution_time: 0.66692541224703161