trajectory:
  - positions: [-2.3028417861781336, 0.87951900343178346, 1.0166114789721739, 2.8162582316646234, -1.5707963267948966, 3.7697929399553525]
    velocities: [0, 0, 0, 0, 0, 0]
    accelerations: [0, 0, 0, 0, 0, 0]
    execution_time: 4.6372507412887524e-310