trajectory:
  - positions: [-1.139617097347563, 0.2972842116907195, 2.0431968957008579, -0.76968451428057205, 1.5707963267948966, -0.57838679028200846]
    velocities: [0, 0, 0, 0, 0, 0]
    accelerations: [0, 0, 0, 0, 0, 0]
    execution_time: 4.6372509264606039e-310