trajectory:
  - positions: [-1.7007213037355022, 0.16450049776748182, 2.1353071156912109, -0.72949062237049656, 1.5702121624097878, 2.547368177463138]
    velocities: [0, 0, 0, 0, 0, 0]
    accelerations: [0, 0, 0, 0, 0, 0]
    execution_time: -0.23619414112929085