trajectory:
  - positions: [4.4290374288318564, -0.19680920245350975, 2.5748362872623241, -0.80784614796280796, 1.5700198821790841, 0.77041974647851563]
    velocities: [0, 0, 0, 0, 0, 0]
    accelerations: [0, 0, 0, 0, 0, 0]
    execution_time: -0.25288837614584919