trajectory:
  - positions: [-2.3028417861781336, 0.89174777310423659, 1.0309442790638441, 2.7896966619004999, -1.5707963267948966, 3.7697929399553525]
    velocities: [0, 0, 0, 0, 0, 0]
    accelerations: [0, 0, 0, 0, 0, 0]
    execution_time: 0.041169712999999997