trajectory:
  - positions: [0.40048293564329412, -0.31923085618087171, -1.9547222900726271, 0.70315648656346608, -1.5707963267948966, -1.9852587609217482]
    velocities: [0, 0, 0, 0, 0, 0]
    accelerations: [0, 0, 0, 0, 0, 0]
    execution_time: 0.026881268