trajectory:
  - positions: [0.6005487513462936, -0.4714364380123256, -1.6767085122926393, 0.5773482240359048, -1.5707963267948966, 3.3326289217483382]
    velocities: [0, 0, 0, 0, 0, 0]
    accelerations: [0, 0, 0, 0, 0, 0]
    execution_time: 0