trajectory:
  - positions: [-2.2348893667519985, 0.093688350995684705, 2.2976222567576872, -0.82051400631998783, 1.5707964599529511, -3.1028204902276566]
    velocities: [0, 0, 0, 0, 0, 0]
    accelerations: [0, 0, 0, 0, 0, 0]
    execution_time: 0.035030154000000001