trajectory:
  - positions: [-3.3714900346908836, 0.42322703043235693, 1.8397229994613706, -0.69211462120983402, 1.5707963267948966, 1.3409001441162969]
    velocities: [-0, -0, -0, 0, -0, -0]
    accelerations: [0, 0, 0, 0, 0, 0]
    execution_time: -0.74017733620915915
  - positions: [-3.3714901651114157, 0.4201773205034105, 1.8377536929164464, -0.68711462120983402, 1.5707963267845551, 1.3408997463555208]
    velocities: [-2.6084106478071788e-06, -0.060994198578928439, -0.039386130898484979, 0.10000000000000016, -2.0682654085347585e-10, -7.9552155243190617e-06]
    accelerations: [-2.6084106478077555e-05, -0.60994198578942516, -0.39386130898493638, 1.000000000000222, -2.0682654085352103e-09, -7.955215524320833e-05]
    execution_time: -0.74017733620915915
  - positions: [-3.3714903004380607, 0.4170128876903163, 1.8357103057107811, -0.68192653301977557, 1.5707963267738247, 1.3408993336319237]
    velocities: [-4.9294079364385084e-08, -0.0011526761969187539, -0.00074432415923395641, 0.001889812840851013, -3.9086345273369471e-12, -1.5033868449595462e-07]
    accelerations: [2.6084106478066046e-05, 0.60994198578915026, 0.39386130898476307, -0.99999999999978151, 2.0682654085343004e-09, 7.9552155243173202e-05]
    execution_time: -0.74017733620915915
  - positions: [-3.371490300484639, 0.41701179851917719, 1.8357096023941042, -0.68192474732348884, 1.5707963267738212, 1.3408993334898676]
    velocities: [9.1538656198787e-23, 2.1405091941833724e-18, 1.3822031812160262e-18, -3.5093652249787145e-18, 7.2582987007382634e-27, 2.791775671825608e-22]
    accelerations: [2.6084106478089918e-05, 0.60994198578970826, 0.39386130898512345, -1.0000000000006966, 2.0682654085361959e-09, 7.9552155243245898e-05]
    execution_time: -0.74017733620915915