trajectory:
  - positions: [-3.1489557613716443, 0.37558387747916644, 1.9613366501140026, -0.76611314867974845, 1.5707963267948966, 1.5634322869066639]
    velocities: [0, -0, -0, 0, 0, 0]
    accelerations: [0, 0, 0, 0, 0, 0]
    execution_time: -0.74018404989616771
  - positions: [-3.1489556704819868, 0.37234328142978768, 1.9595730039895449, -0.76111314867974844, 1.5707963267991489, 1.5634330049847547]
    velocities: [1.8177931452218667e-06, -0.064811920987575156, -0.035272922489154895, 0.09999999999999927, 8.5049754017539738e-11, 1.4361561816758804e-05]
    accelerations: [1.817793145220967e-05, -0.64811920987542793, -0.35272922489137576, 0.9999999999995004, 8.5049754017497518e-10, 0.00014361561816751684]
    execution_time: -0.74018404989616771
  - positions: [-3.1489555371992299, 0.36759119423061309, 1.9569867513236143, -0.75378102963935534, 1.5707963268053848, 1.5634340579915633]
    velocities: [4.5203299558692662e-07, -0.016116865040868556, -0.0087713637042745509, 0.024867130606972963, 2.1149433412450996e-11, 3.5713083341745972e-06]
    accelerations: [-1.817793145220988e-05, 0.64811920987543936, 0.35272922489137842, -0.99999999999950384, -8.5049754017498521e-10, -0.00014361561816751632]
    execution_time: -0.74018404989616771
  - positions: [-3.148955531578848, 0.36739080413663999, 1.9568776920001967, -0.75347184254704325, 1.570796326805648, 1.5634341023956586]
    velocities: [-1.8078772611138461e-22, 6.4458378287174804e-18, 3.5080512141215685e-18, -9.9454509764540697e-18, -8.4585815914092519e-27, -1.4283220899389036e-21]
    accelerations: [-1.8177931452251764e-05, 0.64811920987693161, 0.35272922489219116, -1.0000000000018132, -8.5049754017694584e-10, -0.0001436156181678495]
    execution_time: -0.74018404989616771