trajectory:
  - positions: [3.1342346058140134, 0.41961811426016332, 1.9819468537901257, -0.83074127727519187, 1.5708040499620579, 1.5634322869066639]
    velocities: [-0, -0, -0, 0, -0, 0]
    accelerations: [0, 0, 0, 0, 0, 0]
    execution_time: -0.74017812915132131
  - positions: [3.1342326776646106, 0.41609905789400176, 1.980455117300469, -0.82574127727519187, 1.5708009669670344, 1.5634330116689212]
    velocities: [-3.856298805217949e-05, -0.070381127323231416, -0.029834729793134493, 0.10000000000000038, -6.1659900470724583e-05, 1.4495245146946645e-05]
    accelerations: [-0.00038562988052185846, -0.7038112732324362, -0.29834729793139747, 1.0000000000001665, -0.00061659900470734715, 0.00014495245146949157]
    execution_time: -0.74017812915132131
  - positions: [3.1342298851456585, 0.41100244474547404, 1.9782946506820795, -0.81849982869037297, 1.5707965018970442, 1.5634340613346458]
    velocities: [-9.1913818340761971e-06, -0.01677514756546444, -0.0071110255531583438, 0.023834724170335022, -1.4696467200900254e-05, 3.4549016985885928e-06]
    accelerations: [0.00038562988052200293, 0.70381127323268378, 0.29834729793150633, -1.0000000000005458, 0.00061659900470758579, -0.00014495245146954624]
    execution_time: -0.74017812915132131
  - positions: [3.1342297756086328, 0.41080252923790428, 1.9782099060157656, -0.81821578165223496, 1.5707963267539233, 1.5634341025079603]
    velocities: [2.856618193175026e-21, 5.213600369755263e-18, 2.2100577839095166e-18, -7.4076681747528308e-18, 4.567560823754119e-21, -1.0737596616027666e-21]
    accelerations: [0.00038562988052235248, 0.70381127323333181, 0.29834729793177628, -1.0000000000014495, 0.00061659900470813732, -0.00014495245146967605]
    execution_time: -0.74017812915132131