trajectory:
  - positions: [0.44910296937383937, -0.20174250863579979, -2.1582519795369519, 0.78919776190369162, -1.5707963267948966, -0.34722084568517264]
    velocities: [0, 0, 0, 0, 0, 0]
    accelerations: [0, 0, 0, 0, 0, 0]
    execution_time: 4.6372507463179454e-310