trajectory:
  - positions: [0.83023487719391331, -0.31962067638543207, -2.0557469091798022, 0.80444908625533018, -1.5700297358751172, -3.7408835273742151]
    velocities: [0, 0, 0, 0, 0, 0]
    accelerations: [0, 0, 0, 0, 0, 0]
    execution_time: -0.35194678358608605