trajectory:
  - positions: [-0.54692793358933844, -0.54790934174054629, -1.6207943799419897, 0.59789018420909479, -1.5707963267948966, 1.0238792455870003]
    velocities: [0, 0, 0, -0, 0, -0]
    accelerations: [0, 0, 0, 0, 0, 0]
    execution_time: -0.84868274357947271
  - positions: [-0.54692044750247293, -0.54701634766923402, -1.6201282893014, 0.59634798338084227, -1.5707963267599068, 1.0238758792924461]
    velocities: [2.3890482284237413e-20, 2.8498278772169924e-18, 2.1257069193264745e-18, -4.9216529580791261e-18, 1.1166353604036919e-25, -1.0742915739003104e-20]
    accelerations: [-0.0048541582447458537, -0.57903877040718366, -0.43190914463748264, 1.000000000000008, -2.2688218163994904e-08, 0.0021827861148495213]
    execution_time: -0.84868274357947271