trajectory:
  - positions: [1.5280030565028493, 0.72647645664874494, 1.4175239492097842, -0.57317738087370451, 1.5707963267948966, 0.90590626930256113]
    velocities: [-0, -0, -0, 0, 0, 0]
    accelerations: [0, 0, 0, 0, 0, 0]
    execution_time: 0.19881912973941299
  - positions: [1.5280029905970212, 0.72412536773062419, 1.4161605389990195, -0.56948678148100462, 1.5707963268314564, 0.9059091227545697]
    velocities: [-4.9338742446069383e-07, -0.017600836520445841, -0.010206828012764646, 0.027628745162597855, 2.736964810482581e-10, 2.1361651587984114e-05]
    accelerations: [1.7857757258144091e-05, 0.63704798813217622, 0.36942785322672445, -1.0000000000001963, -9.9062219234923255e-09, -0.00077316763618011321]
    execution_time: 0.19881912973941299
  - positions: [1.5280029837811835, 0.7238822232171882, 1.416019538073978, -0.56910510770137479, 1.5707963268352374, 0.90590941785238366]
    velocities: [-2.4944319529278304e-23, -8.8985018341011359e-19, -5.1602932443827045e-19, 1.3968338335379427e-18, 1.3837345945266803e-26, 1.0799867132127141e-21]
    accelerations: [1.7857757258143847e-05, 0.63704798813216401, 0.36942785322671839, -1.0000000000001921, -9.9062219234923702e-09, -0.00077316763618010215]
    execution_time: 0.19881912973941299