trajectory:
  - positions: [-4.630899446821573, 0.87451552295476986, 1.0610993186658386, 2.7768024348506635, -1.5707963267948966, 4.171786453858453]
    velocities: [0, -0, -0, 0, -0, -0]
    accelerations: [0, 0, 0, 0, 0, 0]
    execution_time: 0.082259693243815976
  - positions: [-4.6308983688446794, 0.87274011953861663, 1.0592247038406244, 2.7804262388754148, -1.5707963267972496, 4.1717855541258038]
    velocities: [7.6764750929324248e-06, -0.01264297980997236, -0.013349482811074394, 0.025805786281237926, -1.6755195870627923e-11, -6.4071644892244617e-06]
    accelerations: [-0.00029747107913203084, 0.48992809876757171, 0.51730579590115944, -0.99999999999973199, 6.4928057948016936e-10, 0.00024828402511731083]
    execution_time: 0.082259693243815976
  - positions: [-4.6308982697959413, 0.87257698852114962, 1.0590524568904305, 2.7807592081782113, -1.5707963267974656, 4.1717854714548448]
    velocities: [-3.0994806324691446e-21, 5.1047740770742715e-18, 5.3900342182441659e-18, -1.0419435198581577e-17, 6.7651369235928805e-27, 2.5869793105534787e-21]
    accelerations: [-0.00029747107913193456, 0.48992809876740723, 0.51730579590098702, -0.9999999999994128, 6.4928057947995709e-10, 0.00024828402511722821]
    execution_time: 0.082259693243815976