trajectory:
  - positions: [-0.47483216813925838, -0.42562607252132761, -1.9586492542580036, 0.81343918572613783, -1.5707963267948966, 1.0959726141920991]
    velocities: [0, 0, 0, -0, 0, -0]
    accelerations: [0, 0, 0, 0, 0, 0]
    execution_time: -0.74017431216183538
  - positions: [-0.4748257709260475, -0.42327465580966367, -1.957610773177467, 0.81008679436144548, -1.5707963267006553, 1.0959709800723936]
    velocities: [3.5910527862301924e-05, 0.013199593722488457, 0.0058294764528887821, -0.018818529184223182, 5.2902063332121475e-10, -9.1730725992531253e-06]
    accelerations: [-0.0019082536956395205, -0.70141473827570999, -0.30977322381681205, 0.99999999999980882, -2.8111688652300391e-08, 0.00048744896635926336]
    execution_time: -0.74017431216183538
  - positions: [-0.47482543303438918, -0.42315045733982043, -1.9575559220910883, 0.80990972584111676, -1.5707963266956775, 1.0959708937605264]
    velocities: [-1.1821185211206941e-20, -4.3451002086221751e-18, -1.9189726505332035e-18, 6.1947660513989857e-18, -1.7414533451080284e-25, 3.019632308592517e-21]
    accelerations: [-0.0019082536956393126, -0.70141473827562573, -0.30977322381677447, 0.99999999999967215, -2.8111688652296708e-08, 0.00048744896635920465]
    execution_time: -0.74017431216183538