trajectory:
  - positions: [1.0316938257526469, 0.62510942160441318, 1.5628646341203136, -0.61714410652106788, 1.5707963267948966, -3.6806947551578792]
    velocities: [0, -0, -0, 0, 0, 0]
    accelerations: [0, 0, 0, 0, 0, 0]
    execution_time: 0.61320942532118849
  - positions: [1.0316961626185714, 0.62419375371619124, 1.5623004749641756, -0.61569757509057077, 1.5707963268767191, -3.6806921641763264]
    velocities: [-1.0682433592158324e-20, 4.1857606402058878e-18, 2.5789210487220347e-18, -6.6124786120356888e-18, -3.7403255960785887e-25, -1.1844063489585748e-20]
    accelerations: [-0.001615496127687088, 0.6330093276349964, 0.39000822536163388, -0.99999999999990852, -5.6564653218995692e-08, -0.0017911685140314432]
    execution_time: 0.61320942532118849