trajectory:
  - positions: [0.58926413885930085, 0.54293991643597206, 1.6690006583076775, -0.64112600529528596, 1.5707886036277354, -2.3192031826511443]
    velocities: [0, -0, -0, 0, 0, 0]
    accelerations: [0, 0, 0, 0, 0, 0]
    execution_time: 0.81990688340750839
  - positions: [0.58926551089041113, 0.54199133143181366, 1.6683813030592303, -0.63957598088563083, 1.5707963268309157, -2.3192005102337889]
    velocities: [2.9442636739332512e-21, -2.0355838497061521e-18, -1.3290844104040268e-18, 3.3262223639552942e-18, 1.6573346187154472e-20, 5.7347834769664195e-21]
    accelerations: [-0.00088516742170907171, 0.61198068769090486, 0.39957773864030816, -1.0000000000000375, -0.0049826332619107615, -0.0017241130776798879]
    execution_time: 0.81990688340750839