trajectory:
  - positions: [-0.81793426875105535, 0.86638469240967619, 1.0881950519656045, 2.7578729521384893, -1.5705356033241777, -2.4557415875267439]
    velocities: [0, 0, 0, 0, 0, 0]
    accelerations: [0, 0, 0, 0, 0, 0]
    execution_time: 0.49855136826723134