trajectory:
  - positions: [1.7879407615419789, -0.33907300419861608, -1.9376526259077098, 0.70592903699532028, -1.5707963267948966, -0.022321351255526388]
    velocities: [0, 0, 0, 0, 0, 0]
    accelerations: [0, 0, 0, 0, 0, 0]
    execution_time: 4.637250938012254e-310