trajectory:
  - positions: [0.67069108813680056, 0.53112650002503048, 1.7446663911990088, -0.70496876768526495, 1.5707963267948966, 4.0454146664442314]
    velocities: [0, -0, -0, 0, -0, -0]
    accelerations: [0, 0, 0, 0, 0, 0]
    execution_time: 0.76544803619731916
  - positions: [0.67069188193329854, 0.527857329969043, 1.7429230880502811, -0.69996876768526495, 1.5707963267898379, 4.0454135113009793]
    velocities: [1.5875929962414143e-05, -0.06538340111974926, -0.034866062974551595, 0.099999999999999228, -1.0117203560415032e-10, -2.3102865041890936e-05]
    accelerations: [0.00015875929962400591, -0.65383401119691842, -0.34866062974521317, 0.99999999999913958, -1.0117203560406299e-09, -0.00023102865041870816]
    execution_time: 0.76544803619731916
  - positions: [0.67069282859184876, 0.52395861311610792, 1.7408440755641392, -0.69400591352631003, 1.5707963267838052, 4.0454121337108306]
    velocities: [1.5673027416002273e-06, -0.0064547767641164148, -0.003442045676580404, 0.0098721948592036136, -9.9879004978646564e-12, -2.2807598549943236e-06]
    accelerations: [-0.00015875929962410793, 0.65383401119735896, 0.34866062974544287, -0.99999999999978284, 1.0117203560412863e-09, 0.00023102865041886152]
    execution_time: 0.76544803619731916
  - positions: [0.67069283632820775, 0.52392675170911385, 1.7408270852913226, -0.69395718341064105, 1.5707963267837559, 4.0454121224527775]
    velocities: [-1.7702102245774468e-21, 7.2904305734433022e-18, 3.8876627268092973e-18, -1.1150277361819815e-17, 1.1280962582461944e-26, 2.576033530697769e-21]
    accelerations: [-0.00015875929962405174, 0.65383401119712325, 0.34866062974531903, -0.99999999999942735, 1.0117203560409317e-09, 0.00023102865041877882]
    execution_time: 0.76544803619731916