trajectory:
  - positions: [0.67877611231114487, 0.45945660732276766, 1.810845145339151, -0.69947093793090542, 1.5707963267948966, -2.2296910094622184]
    velocities: [0, -0, -0, 0, 0, 0]
    accelerations: [0, 0, 0, 0, 0, 0]
    execution_time: 0.73245261666309736
  - positions: [0.67877693537755501, 0.45840549512967971, 1.8102110940041223, -0.69781993554400668, 1.5707963268416034, -2.229689085677462]
    velocities: [3.2964878333819108e-21, -4.2098408018517228e-18, -2.5394579172663081e-18, 6.6124789133136162e-18, 1.8706704077746095e-25, 7.7050077191288957e-21]
    accelerations: [-0.00049852526966032628, 0.63665092275407498, 0.38404022917246661, -1.0000000000002978, -2.829000186312495e-08, -0.0011652222744510941]
    execution_time: 0.73245261666309736