trajectory:
  - positions: [-3.2065119988504369, 0.37596294517082557, 1.9337404422663835, -0.73888858496224996, 1.5707963267948966, 1.5058804436436701]
    velocities: [-0, -0, -0, 0, -0, -0]
    accelerations: [0, 0, 0, 0, 0, 0]
    execution_time: 0
  - positions: [-3.2065129394199361, 0.37381279004930706, 1.9324883511322901, -0.73550351045038276, 1.5707963267535106, 1.5058768457661109]
    velocities: [-5.4537256266659826e-06, -0.012467293587745813, -0.0072600286421808484, 0.019627754915672473, -2.3996928349592257e-10, -2.0861655688705096e-05]
    accelerations: [0.00027785784212698594, 0.6351869401930984, 0.36988584142060793, -1.0000000000000187, 1.2226017928536215e-08, 0.0010628650998718045]
    execution_time: 0
  - positions: [-3.2065129929421312, 0.37369043755780607, 1.9324171021008554, -0.73531088606886796, 1.5707963267511555, 1.5058766410323785]
    velocities: [3.8837672057540607e-22, 8.8783465277103856e-19, 5.1700916187406984e-19, -1.3977533173165541e-18, 1.7088957117182882e-26, 1.485623219205775e-21]
    accelerations: [0.00027785784212693026, 0.63518694019297239, 0.36988584142053438, -0.99999999999982003, 1.2226017928533817e-08, 0.0010628650998715915]
    execution_time: 0