trajectory:
  - positions: [-1.6478200055260592, 0.61576252512656204, 1.5449045420449283, -0.58984177849973907, 1.5707963267948966, -3.1505432716974404]
    velocities: [0, -0, -0, 0, 0, -0]
    accelerations: [0, 0, 0, 0, 0, 0]
    execution_time: -0.22793753070481179
  - positions: [-1.6478133493713849, 0.61345165874757923, 1.5433280780421024, -0.58597963187385393, 1.570796326885185, -3.1505436086157368]
    velocities: [5.6073384159429944e-05, -0.01946741092275521, -0.013280591568195093, 0.032535847201661409, 7.6061621807880615e-10, -2.8382977838924793e-06]
    accelerations: [-0.0017234339653692755, 0.59833729861362572, 0.40818336420979479, -0.99999999999961131, -2.337779045260803e-08, 8.7236018976215188e-05]
    execution_time: -0.22793753070481179
  - positions: [-1.6478124371738554, 0.61313496439398196, 1.5431120303930972, -0.585450341197289, 1.5707963268975587, -3.1505436547889483]
    velocities: [1.5435606336604305e-20, -5.358893455443889e-18, -3.6558161494415843e-18, 8.9563085367712169e-18, 2.0937870420162243e-25, -7.8131270147091659e-22]
    accelerations: [-0.0017234339653701186, 0.59833729861391449, 0.40818336420999285, -1.0000000000001013, -2.3377790452619376e-08, 8.7236018976258027e-05]
    execution_time: -0.22793753070481179