trajectory:
  - positions: [-1.0630311091415547, 0.29000272979627933, 2.0538300989852174, -0.773036169091464, 1.5707963267948966, 0.84256284961697192]
    velocities: [0, 0, 0, 0, 0, 0]
    accelerations: [0, 0, 0, 0, 0, 0]
    execution_time: 4.6372509460888439e-310