trajectory:
  - positions: [-0.35915746658604403, -0.21257729656992133, 2.5875467561969456, -0.80417265013417993, 1.5707963267948966, 1.3502399832172594]
    velocities: [0, 0, 0, 0, 0, 0]
    accelerations: [0, 0, 0, 0, 0, 0]
    execution_time: 4.6372507463179454e-310