trajectory:
  - positions: [4.2668043131269542, 0.38297977543193912, 1.9390988555376774, -0.75128207114812451, 1.5707963267948966, 0.70182830154881626]
    velocities: [0, 0, 0, 0, 0, 0]
    accelerations: [0, 0, 0, 0, 0, 0]
    execution_time: 0