trajectory:
  - positions: [4.1227717729438718, 0.47188801026466215, 1.6787239926056112, -0.5797715674698225, 1.5707963267948966, 1.340954605760589]
    velocities: [-0, -0, -0, 0, -0, 0]
    accelerations: [0, 0, 0, 0, 0, 0]
    execution_time: -0.60914309983871739
  - positions: [4.1227704494210204, 0.46926205294792095, 1.6764300923632085, -0.57487835580333679, 1.5707963267716545, 1.3409548741366444]
    velocities: [-2.1457938287997796e-05, -0.042573975952416736, -0.037190419331909273, 0.079332392225466578, -3.7681785635397297e-10, 4.3511125096516217e-06]
    accelerations: [0.00027048142235532849, 0.53665312185991065, 0.46879235944640663, -0.99999999999987532, 4.7498612582233143e-09, -5.48466066330754e-05]
    execution_time: -0.60914309983871739
  - positions: [4.122769598266232, 0.46757330526849361, 1.6749548898964741, -0.57173154157522921, 1.5707963267567076, 1.3409550467287266]
    velocities: [2.9136743803145188e-21, 5.7809236533253936e-18, 5.0499153528252975e-18, -1.0772179305115001e-17, 5.1166357148007855e-26, -5.9081748092868042e-22]
    accelerations: [0.0002704814223551787, 0.53665312185960901, 0.46879235944614944, -0.9999999999993161, 4.7498612582207302e-09, -5.4846606633045537e-05]
    execution_time: -0.60914309983871739