trajectory:
  - positions: [-2.394818848113982, 0.46367052711560003, 1.7261803248083327, -0.61905419223390001, 1.5707963267948966, 0.98515049175063185]
    velocities: [0, 0, 0, 0, 0, 0]
    accelerations: [0, 0, 0, 0, 0, 0]
    execution_time: 4.6372509486303176e-310