trajectory:
  - positions: [2.0350837085979863, -0.5520429672265128, -1.7123788919331606, 0.69339739932789801, -1.5698429151246482, -1.6529656322262558]
    velocities: [0, 0, 0, 0, 0, 0]
    accelerations: [0, 0, 0, 0, 0, 0]
    execution_time: 0.52877542113036879