trajectory:
  - positions: [0.82668022292893006, -0.75223228702506473, -1.3642040020769808, 0.54560287778896954, -1.5707963267948966, 0.21715092620223936]
    velocities: [0, 0, 0, -0, 0, 0]
    accelerations: [0, 0, 0, 0, 0, 0]
    execution_time: -0.57419653342507004
  - positions: [0.82668157028227229, -0.7513895169993976, -1.3636713688093705, 0.54426423221897802, -1.5707963267184679, 0.21715372577032357]
    velocities: [4.0259061018181794e-21, 2.5182057908796716e-18, 1.591513862693141e-18, -3.9998871858543412e-18, 2.2836959191859652e-25, 8.3651391802346726e-21]
    accelerations: [-0.0010065049124525457, -0.6295692037979147, -0.39788968756959792, 1.0000000000000508, -5.709400823259228e-08, -0.0020913437783491823]
    execution_time: -0.57419653342507004