trajectory:
  - positions: [0.99063500569954099, 0.6168789888345505, 1.5386027039574737, -0.58465500596070075, 1.5707963267948966, 2.5614400543470075]
    velocities: [0, -0, -0, 0, 0, -0]
    accelerations: [0, 0, 0, 0, 0, 0]
    execution_time: 0.6455560971951162
  - positions: [0.9906399104192426, 0.61600190048691539, 1.5379877087937939, -0.5831929556909129, 1.5707963268208278, 2.5614368908039311]
    velocities: [2.1124226217914825e-20, -3.7775477082783118e-18, -2.6487338218833088e-18, 6.2969308176494564e-18, 1.1168380158283197e-25, -1.3625121038807777e-20]
    accelerations: [-0.0033546860890870276, 0.5999030031725695, 0.42063886337434608, -0.99999999999986799, -1.7736228143047467e-08, 0.0021637717537910028]
    execution_time: 0.6455560971951162