trajectory:
  - positions: [-0.46175178612922518, -0.51229771809157487, -1.6836821327650664, 0.62515363007850844, -1.5707963267948966, 1.1090444075076169]
    velocities: [-0, 0, 0, -0, -0, -0]
    accelerations: [0, 0, 0, 0, 0, 0]
    execution_time: -0.84868098163597372
  - positions: [-0.46175351853816538, -0.51048207902795084, -1.6823899933867132, 0.62207470532687015, -1.5707963268439924, 1.1090428050434626]
    velocities: [-6.943230354730818e-06, 0.0072768039736385674, 0.0051786972153639085, -0.012339860006391333, -1.9676897690875728e-10, -6.4224315053842429e-06]
    accelerations: [0.00056266686584238647, -0.58969907031917645, -0.41967228256082845, 0.99999999999988698, 1.5945803016146029e-08, 0.00052046226635124354]
    execution_time: -0.84868098163597372
  - positions: [-0.46175356137741064, -0.51043718165678653, -1.6823580411873866, 0.62199856925438146, -1.5707963268452065, 1.1090427654175099]
    velocities: [-9.8836553459849731e-23, 1.0358495804007622e-19, 7.3718508248821254e-20, -1.7565731956131282e-19, -2.8009970160692306e-27, -9.1423006640076015e-23]
    accelerations: [0.00056266686584263768, -0.58969907031943802, -0.41967228256101469, 1.000000000000332, 1.5945803016153156e-08, 0.00052046226635147621]
    execution_time: -0.84868098163597372