trajectory:
  - positions: [3.0848569360428542, 0.55594762743775972, 1.7408281102779322, -0.72594122784866622, 1.5707963267948966, 1.5140687318892823]
    velocities: [0, -0, -0, 0, -0, -0]
    accelerations: [0, 0, 0, 0, 0, 0]
    execution_time: -0.848676799056297
  - positions: [3.0848571914773366, 0.55254978391977649, 1.7392188938066373, -0.72095450021220076, 1.5707963267285183, 1.5140649757462532]
    velocities: [4.7490699434153993e-06, -0.063173132877313534, -0.029918754478075529, 0.092713865701617645, -1.2341114994211827e-09, -6.9834682328901601e-05]
    accelerations: [-5.1222866261437438e-05, 0.68137740131142632, 0.32269989231555712, -0.99999999999985445, 1.3310970156209227e-08, 0.00075322802905922225]
    execution_time: -0.848676799056297
  - positions: [3.0848574116296534, 0.54962127124100768, 1.7378319521143175, -0.71665656976553194, 1.5707963266713088, 1.5140617384245738]
    velocities: [-3.1928367438108722e-22, 4.2471789692630882e-18, 2.0114611863971871e-18, -6.2332254651945986e-18, 8.2970278144139442e-26, 4.695040131831002e-21]
    accelerations: [-5.1222866261432458e-05, 0.6813774013113727, 0.32269989231553564, -0.9999999999997834, 1.331097015620807e-08, 0.00075322802905917466]
    execution_time: -0.848676799056297