trajectory:
  - positions: [0.44910296937383937, -0.22924778617694946, -2.1730319909546738, 0.83148310079683352, -1.5707963267948966, -0.34722084568517264]
    velocities: [0, 0, 0, 0, 0, 0]
    accelerations: [0, 0, 0, 0, 0, 0]
    execution_time: 0.024038619000000001