trajectory:
  - positions: [-0.37024570423215708, -0.77686652710829773, -1.2123500240884446, -2.7232009915906388, 1.5707963267948966, 4.3421475372102769]
    velocities: [0, 0, 0, -0, 0, -0]
    accelerations: [0, 0, 0, 0, 0, 0]
    execution_time: -0.84868367164289171
  - positions: [-0.37024513222172284, -0.77500935938240934, -1.2104732975984644, -2.7269087776436995, 1.5707963268252736, 4.3421448490277026]
    velocities: [4.3358741643922374e-06, 0.014077445235346276, 0.014225701866416638, -0.028105245626846291, 2.3025896074293209e-10, -2.0376588736500953e-05]
    accelerations: [-0.00015427277249091138, -0.50088319533836556, -0.50615824729979508, 0.99999999999986433, -8.1927396686032753e-09, 0.00072501016383341764]
    execution_time: -0.84868367164289171
  - positions: [-0.37024507129131867, -0.77481153435434036, -1.2102733891758795, -2.7273037300595724, 1.5707963268285092, 4.3421445626831874]
    velocities: [2.0164758238020409e-21, 6.546967670578604e-18, 6.6159170683094839e-18, -1.3070847118668066e-17, 1.0708604769137453e-25, -9.4764970109483355e-21]
    accelerations: [-0.00015427277249087482, -0.50088319533824488, -0.50615824729967274, 0.9999999999996253, -8.1927396686012653e-09, 0.00072501016383324135]
    execution_time: -0.84868367164289171