trajectory:
  - positions: [-1.8994848669549667, 0.20271392993291981, 2.2205236100418388, -0.85235029951814933, 1.5711655740800361, 2.6740635389498046]
    velocities: [0, 0, 0, 0, 0, 0]
    accelerations: [0, 0, 0, 0, 0, 0]
    execution_time: -0.3419729206083878