trajectory:
  - positions: [0.47256578476208733, -0.56905933488011495, -1.6272279113453487, 0.62549058653543077, -1.5707963267948966, 0.34226560171340309]
    velocities: [0, 0, 0, 0, 0, 0]
    accelerations: [0, 0, 0, 0, 0, 0]
    execution_time: 4.6372509462761936e-310