trajectory:
  - positions: [1.0057770072884318, 0.62749807736513252, 1.5985978643625607, -0.65527091937205106, 1.5707963267948966, -3.7066126388865306]
    velocities: [-0, -0, -0, 0, -0, 0]
    accelerations: [0, 0, 0, 0, 0, 0]
    execution_time: 0.62557097565972464
  - positions: [1.0057760112620044, 0.62653785969983522, 1.5980843655102153, -0.65382557162025445, 1.5707963267851399, -3.7066123155328916]
    velocities: [-2.9837564642454436e-21, -2.8764855904250038e-18, -1.5382679395031115e-18, 4.329770354629826e-18, -2.9227575386100751e-26, 9.6865754165978318e-22]
    accelerations: [0.00068912580110737972, 0.66435061327190292, 0.355277027073306, -0.99999999999993927, 6.7503754223006113e-09, -0.00022372030438610636]
    execution_time: 0.62557097565972464