trajectory:
  - positions: [-0.60610989775556989, -0.22538818332239532, 2.5957945660929207, -0.79960985623854719, 1.5707963267948966, 0.83751116592422781]
    velocities: [0, 0, 0, 0, 0, 0]
    accelerations: [0, 0, 0, 0, 0, 0]
    execution_time: 4.6372509264606039e-310