trajectory:
  - positions: [3.1342346058140134, 0.39721154184975443, 1.9721177919969157, -0.79850111569771987, 1.5707963267948966, 1.5634322869066639]
    velocities: [-0, -0, -0, 0, -0, 0]
    accelerations: [0, 0, 0, 0, 0, 0]
    execution_time: -0.74018007413379983
  - positions: [3.1342326868894341, 0.39382896240937237, 1.9704878315933927, -0.79350111569771986, 1.5707963267759077, 1.5634330081605421]
    velocities: [-3.8378491594699746e-05, -0.067651588807641522, -0.032599208070458477, 0.10000000000000024, -3.7977993158783874e-10, 1.4425077561787767e-05]
    accelerations: [-0.00038378491594701064, -0.67651588807644358, -0.3259920807045969, 1.0000000000000278, -3.7977993158785161e-09, 0.00014425077561788229]
    execution_time: -0.74018007413379983
  - positions: [3.1342298895933935, 0.38889803590353722, 1.9681117706319731, -0.78621240808161996, 1.5707963267482266, 1.5634340595622689]
    velocities: [-9.3536336686587607e-06, -0.01648809404736493, -0.0079451025173059141, 0.024372072168543917, -9.2560239008234548e-11, 3.5156903137273412e-06]
    accelerations: [0.00038378491594701997, 0.67651588807645724, 0.32599208070460217, -1.0000000000000664, 3.7977993158786186e-09, -0.00014425077561788641]
    execution_time: -0.74018007413379983
  - positions: [3.1342297756096764, 0.38869711139451513, 1.9680149513260039, -0.78591540913072555, 1.5707963267470986, 1.5634341024045979]
    velocities: [-1.863268741249988e-21, -3.284472252124274e-18, -1.5826855841196806e-18, 4.8549816937237809e-18, -1.8438246155026225e-26, 7.0033487493025109e-22]
    accelerations: [0.00038378491594739906, 0.67651588807712326, 0.32599208070492591, -1.0000000000010492, 3.7977993158823616e-09, -0.00014425077561802863]
    execution_time: -0.74018007413379983