trajectory:
  - positions: [3.0228095437017521, 0.45583211165819709, 1.94105641209694, -0.82606003929007787, 1.5707963267948966, -1.6895781051023928]
    velocities: [-0, -0, -0, 0, -0, -0]
    accelerations: [0, 0, 0, 0, 0, 0]
    execution_time: 0
  - positions: [3.022808378266677, 0.45280120646703148, 1.9398447308439837, -0.82184333527444053, 1.5707963267488521, -1.6895798218275693]
    velocities: [-1.2167904782250451e-05, -0.031644633452531275, -0.01265074513807618, 0.044025149101198292, -4.8073466403142108e-10, -1.7923734169966284e-05]
    accelerations: [0.0002763853168169579, 0.71878537832514888, 0.28735269263925783, -0.99999999999983624, 1.0919546528424051e-08, 0.00040712489419997484]
    execution_time: 0
  - positions: [3.0228081104197657, 0.45210462661403128, 1.9395662553735111, -0.82087422839774915, 1.5707963267382699, -1.6895802163751037]
    velocities: [-1.5165283496941176e-21, -3.9439808747062516e-18, -1.5767064248097486e-18, 5.4870076571333481e-18, -5.9915635413896614e-26, -2.2338974118852168e-21]
    accelerations: [0.0002763853168168394, 0.71878537832484735, 0.28735269263913504, -0.9999999999994108, 1.0919546528419435e-08, 0.00040712489419979887]
    execution_time: 0