trajectory:
  - positions: [0.42858594304635528, 0.52669713050001066, 1.6181317514841285, -0.57401720872346096, 1.5707963267948966, -2.4798828764922032]
    velocities: [-0, -0, -0, 0, -0, 0]
    accelerations: [0, 0, 0, 0, 0, 0]
    execution_time: 0.87830874544861204
  - positions: [0.42858455657176858, 0.5258381091862695, 1.6174170087277959, -0.57245846432426961, 1.5707963267948768, -2.4798814644831979]
    velocities: [-0, -0, -0, 0, -0, 0]
    accelerations: [0.00088948167987935108, 0.55109825202048679, 0.45853749768292357, -0.99999999999990197, 1.2678133662310546e-11, -0.00090586308185442669]
    execution_time: 0.87830874544861204