trajectory:
  - positions: [-1.9402408190131033, 0.58228798838383833, 1.6900497509314458, 2.440050775016215, -1.5707961936368422, 0.85386650370575867]
    velocities: [0, 0, 0, 0, 0, 0]
    accelerations: [0, 0, 0, 0, 0, 0]
    execution_time: 0.18857512799999998