trajectory:
  - positions: [-1.8087894512937186, 0.70179740888017139, 1.3876791012957568, -0.51867991706492256, 1.5707963267948966, 0.15591057153997212]
    velocities: [0, 0, 0, 0, 0, 0]
    accelerations: [0, 0, 0, 0, 0, 0]
    execution_time: 4.6372509383703528e-310