trajectory:
  - positions: [-1.7143124800426126, 0.20893409219869294, 1.9112828037420722, -0.54938989285906226, 1.5707963267948966, 2.9244028119461252]
    velocities: [0, -0, -0, 0, -0, -0]
    accelerations: [0, 0, 0, 0, 0, 0]
    execution_time: -0.25677299164536976
  - positions: [-1.7143109709162019, 0.20805386930159059, 1.9102731026773925, -0.54753031838918342, 1.5707963267854881, 2.9244006975776884]
    velocities: [-4.2836291221956046e-21, 2.4984974149630253e-18, 2.866018946215002e-18, -5.2783698552018672e-18, 2.670579014115583e-26, 6.001598107662559e-21]
    accelerations: [-0.00081154395006545195, 0.47334640874047768, 0.54297425622636297, -1.0000000000003098, 5.0594768600471175e-09, 0.0011370173504893378]
    execution_time: -0.25677299164536976