trajectory:
  - positions: [-2.9241663232413262, -0.54151026498379029, -1.6491638366121133, 0.6190913433311066, -1.5712049888641693, -2.5514851581922913]
    velocities: [0, 0, 0, 0, 0, 0]
    accelerations: [0, 0, 0, 0, 0, 0]
    execution_time: 0.83326774948917848