trajectory:
  - positions: [0.47256578476208733, -0.58788595299518487, -1.6384764379995709, 0.65556573130472284, -1.5707963267948966, 0.34226560171340309]
    velocities: [0, 0, 0, 0, 0, 0]
    accelerations: [0, 0, 0, 0, 0, 0]
    execution_time: 0.031706014999999997