trajectory:
  - positions: [-0.88597104380471847, 0.24795169914479398, 2.1608586816119213, -0.83801377100095309, 1.5707963267948966, 3.4169656408328586]
    velocities: [0, 0, 0, 0, 0, 0]
    accelerations: [0, 0, 0, 0, 0, 0]
    execution_time: 4.6808947440010529e-310