trajectory:
  - positions: [-3.1480164644551731, 0.49778921594698672, 1.7350860686516123, -0.6620440038143951, 1.5707963267948966, 1.5643730485617344]
    velocities: [0, -0, -0, 0, 0, 0]
    accelerations: [0, 0, 0, 0, 0, 0]
    execution_time: 0
  - positions: [-3.14801515336783, 0.49587518594602403, 1.7338529801308109, -0.65893057954505507, 1.5707963268421259, 1.5643744773477828]
    velocities: [5.5293855887201692e-06, -0.0080722386350051811, -0.0052004330094031926, 0.013130569354445202, 1.9918483659395423e-10, 6.0257686316172577e-06]
    accelerations: [-0.00042110783161491554, 0.61476684042430396, 0.39605540849164933, -0.99999999999991018, -1.5169550627787884e-08, -0.00045891145074960284]
    execution_time: 0
  - positions: [-3.1480151170658397, 0.49582218940140271, 1.7338188378076593, -0.65884437361926906, 1.5707963268434335, 1.5643745169086691]
    velocities: [2.5060331706639629e-21, -3.6585073434027676e-18, -2.356944983176098e-18, 5.951048597346909e-18, 9.0274732985888013e-26, 2.7310043452901011e-21]
    accelerations: [-0.00042110783161504928, 0.61476684042449892, 0.39605540849177562, -1.0000000000002292, -1.5169550627792705e-08, -0.00045891145074974861]
    execution_time: 0