trajectory:
  - positions: [-0.2705242863596557, -0.044129061960560552, 2.5579526448995491, -0.94302693989371233, 1.5707963267948966, 2.7124149228597085]
    velocities: [0, 0, 0, 0, 0, 0]
    accelerations: [0, 0, 0, 0, 0, 0]
    execution_time: 4.6372509493220095e-310