trajectory:
  - positions: [0.27650313294115403, -0.38836851545014628, -1.8076368351739325, -2.5163830971283931, 1.5707963267948966, -1.120592273468364]
    velocities: [0, 0, 0, 0, 0, 0]
    accelerations: [0, 0, 0, 0, 0, 0]
    execution_time: 0