trajectory:
  - positions: [0.6634316439003809, 0.19288859656523596, -2.440725087404223, 0.67783748118494647, -1.5706485213543973, 0.54784242981815812]
    velocities: [0, 0, 0, -0, -0, 0]
    accelerations: [0, 0, 0, 0, 0, 0]
    execution_time: -0.23385736526129533
  - positions: [0.66356175221174818, 0.19292685922383035, -2.4403736621285197, 0.67665017569364083, -1.5707964691767766, 0.54806928920807418]
    velocities: [-3.0985226863233384e-19, -9.1122322969105786e-20, -8.3691747119850335e-19, 2.8275618688352918e-18, 3.5233697157173543e-19, -5.4026446033574909e-19]
    accelerations: [-0.10958284310149484, -0.032226464776399101, -0.2959855557619599, 1.0000000000000435, 0.12460805029772268, -0.19107078302704453]
    execution_time: -0.23385736526129533