trajectory:
  - positions: [1.0325928423576305, -0.047725602756063717, -2.4659244502707707, 0.94315690215490822, -1.5699417184010902, 1.7140954324137712]
    velocities: [0, 0, 0, 0, 0, 0]
    accelerations: [0, 0, 0, 0, 0, 0]
    execution_time: -0.10362659492540542