trajectory:
  - positions: [1.5769760589463711, -0.21473490646131949, -2.2071522776827144, 0.85109049116448732, -1.5707963267948966, -3.9044780510283656]
    velocities: [0, 0, 0, 0, 0, 0]
    accelerations: [0, 0, 0, 0, 0, 0]
    execution_time: 4.6372507508277766e-310