trajectory:
  - positions: [-3.2478975221902679, 0.52361262403596731, 1.6911287306470915, -0.64391759732893428, 1.5707963267948966, 1.4644954529360568]
    velocities: [-0, -0, -0, 0, -0, -0]
    accelerations: [0, 0, 0, 0, 0, 0]
    execution_time: 0
  - positions: [-3.2478978331626274, 0.52175181878819887, 1.6899039382314083, -0.64085849140950712, 1.5707963267420026, 1.4644918762572241]
    velocities: [-1.2085570895430081e-06, -0.0072317982834214731, -0.0047600100547373356, 0.011888851325763259, -2.055656692021216e-10, -1.3900336895765505e-05]
    accelerations: [0.00010165465581388972, 0.60828402048815822, 0.40037594249515235, -0.9999999999999688, 1.7290624936713016e-08, 0.0011691909096081426]
    execution_time: 0
  - positions: [-3.2478978403468051, 0.52170882990089418, 1.6898756427054833, -0.64078781901658399, 1.5707963267407807, 1.4644917936277049]
    velocities: [-2.4946270445439762e-22, -1.492742025561376e-18, -9.8253114541234445e-19, 2.4540214361761112e-18, -4.2431564239576154e-26, -2.8692195551607078e-21]
    accelerations: [0.00010165465581385727, 0.60828402048796426, 0.40037594249502295, -0.99999999999964984, 1.7290624936707447e-08, 0.0011691909096077657]
    execution_time: 0