trajectory:
  - positions: [-0.57212290224008766, -0.39759583599505283, -1.8711762635157514, 0.6979546005852415, -1.5708040499620579, 0.99867648719006252]
    velocities: [0, 0, 0, -0, 0, -0]
    accelerations: [0, 0, 0, 0, 0, 0]
    execution_time: -0.74018345613110548
  - positions: [-0.57212284073628583, -0.39557014121367345, -1.8698726493669611, 0.6946451881472705, -1.5707966783730776, 0.99867362538924087]
    velocities: [3.3018181995168407e-07, 0.010874898307205573, 0.0069984241605622463, -0.017766508582813065, 3.9574214862124238e-05, -1.5363515371328243e-05]
    accelerations: [-1.8584507947220164e-05, -0.61210103586274844, -0.39391105618419303, 0.9999999999998811, -0.0022274615565380804, 0.00086474589532963952]
    execution_time: -0.74018345613110548
  - positions: [-0.57212283780319684, -0.39547353672661739, -1.8698104805855036, 0.69448736373365894, -1.5707963268252636, 0.99867348891122698]
    velocities: [1.9548780867747363e-23, 6.4386041605109333e-19, 4.1434946465071825e-19, -1.0518858461716282e-18, 2.3430352842140843e-21, -9.096139678323686e-22]
    accelerations: [-1.8584507947221055e-05, -0.61210103586277709, -0.39391105618421113, 0.99999999999992861, -0.0022274615565381628, 0.00086474589532968104]
    execution_time: -0.74018345613110548