trajectory:
  - positions: [1.7011713779597257, 0.085222220146971658, -2.6572965430427749, 1.0012777297847975, -1.5707963267948966, 0.0031998260205816842]
    velocities: [0, 0, 0, 0, 0, 0]
    accelerations: [0, 0, 0, 0, 0, 0]
    execution_time: 4.6372509015470473e-310