trajectory:
  - positions: [-2.5103193456423916, -0.32724490711216542, -2.0442188837691759, 0.80128498456420694, -1.5709206964178033, -0.6866713196787938]
    velocities: [0, 0, 0, 0, 0, 0]
    accelerations: [0, 0, 0, 0, 0, 0]
    execution_time: 0.47201840972145243