trajectory:
  - positions: [-0.52459932521984165, -0.65322281533572557, -1.4375866069657872, -2.6216045917974236, 1.5707963267948966, 4.1877896551648481]
    velocities: [-0, 0, 0, -0, 0, -0]
    accelerations: [0, 0, 0, 0, 0, 0]
    execution_time: -0.74018583778023384
  - positions: [-0.52460039314943874, -0.65165019068246133, -1.4362817055538497, -2.6244569930577781, 1.5707963268135603, 4.1877892347505083]
    velocities: [-2.7389538413609361e-06, 0.0040333616997040266, 0.0033467231776338228, -0.0073156464715350839, 4.786775518076475e-11, -1.078250359258975e-06]
    accelerations: [0.00037439669235223233, -0.55133359921065206, -0.45747470037759463, 1.000000000000028, -6.5432023495145395e-09, 0.00014738962078805203]
    execution_time: -0.74018583778023384
  - positions: [-0.52460040316804779, -0.65163543735831786, -1.436269463832047, -2.6244837523994264, 1.5707963268137355, 4.1877892308064588]
    velocities: [1.1879253462047497e-21, -1.7493294414589911e-18, -1.4515240196478402e-18, 3.1729055583834695e-18, -2.0760963104401869e-26, 4.6765334704642823e-22]
    accelerations: [0.0003743966923521341, -0.55133359921050717, -0.45747470037747451, 0.99999999999976641, -6.5432023495128248e-09, 0.00014738962078801325]
    execution_time: -0.74018583778023384