trajectory:
  - positions: [-1.7455156732706352, -0.21913777753349298, 2.3032228845301237, -0.51361148874682461, 1.56995649894514, 1.8401568284029446]
    velocities: [0, 0, 0, 0, 0, 0]
    accelerations: [0, 0, 0, 0, 0, 0]
    execution_time: -0.23289205781484951