trajectory:
  - positions: [1.9608053494765316, 0.074182668414536621, -2.6481182246619257, 1.0031388799125993, -1.5707963267948966, 0.52860508568397069]
    velocities: [0, 0, 0, 0, 0, 0]
    accelerations: [0, 0, 0, 0, 0, 0]
    execution_time: 4.6372507473811747e-310