trajectory:
  - positions: [1.4668112046619353, -0.18959057116079547, -2.1471647072867341, 0.76595868533652389, -1.5707963267948966, -4.3036233141456268]
    velocities: [0, 0, 0, 0, 0, 0]
    accelerations: [0, 0, 0, 0, 0, 0]
    execution_time: 4.6372507436167897e-310