trajectory:
  - positions: [-2.4042863857892138, 0.26009298397543795, 2.1781440618251353, -0.86744036946578362, 1.5707963267948966, -4.140193640162952]
    velocities: [0, 0, 0, 0, 0, 0]
    accelerations: [0, 0, 0, 0, 0, 0]
    execution_time: 0.096767455000000002