trajectory:
  - positions: [-4.1225227673819491, 0.46986800257783706, 1.8410666973893701, -0.74007835217924289, 1.5707963267948966, 3.7314580676442066]
    velocities: [-0, -0, -0, 0, 0, 0]
    accelerations: [0, 0, 0, 0, 0, 0]
    execution_time: -0.31841599220378014
  - positions: [-4.1225233465506887, 0.46711303157961065, 1.8396415709163016, -0.73594784527258872, 1.5707963267961635, 3.7314586951620101]
    velocities: [-5.7525142150253415e-06, -0.027363372270747824, -0.014154873586901217, 0.041025694363547784, 1.258500115237997e-11, 6.2327346713782973e-06]
    accelerations: [0.00014021735169309608, 0.66698133194958797, 0.34502459511038325, -1.0000000000002991, -3.0675900426844937e-10, -0.00015192271009843182]
    execution_time: -0.31841599220378014
  - positions: [-4.1225234645511337, 0.46655173090584284, 1.8393512141575361, -0.73510629147358308, 1.5707963267964218, 3.7314588230131438]
    velocities: [-3.6469343864084568e-22, -1.7347618716287915e-18, -8.9737970719829759e-19, 2.6009151808770786e-18, 7.9785415107231289e-28, 3.9513808301488205e-22]
    accelerations: [0.00014021735169300335, 0.66698133194915032, 0.34502459511015537, -0.99999999999963551, -3.0675900426824775e-10, -0.00015192271009833159]
    execution_time: -0.31841599220378014