trajectory:
  - positions: [0.60520056140136225, -0.50405686570394725, -1.780045021542112, 0.71327370238662258, -1.5707963267948966, 1.1170694439784072]
    velocities: [-0, 0, 0, -0, 0, 0]
    accelerations: [0, 0, 0, 0, 0, 0]
    execution_time: -0.59785828998271096
  - positions: [0.60519976919926799, -0.50200424575121405, -1.7789458452750699, 0.71015256749119371, -1.5707963267896363, 1.117070555832786]
    velocities: [-3.3778877992288084e-06, 0.0087522110141992349, 0.0046868016741929168, -0.013308275198338632, 2.2429100116440316e-11, 4.7408601514748854e-06]
    accelerations: [0.00025381860150065864, -0.65765179061598278, -0.35217198354728696, 0.99999999999981948, -1.6853498881084351e-09, -0.0003562340033414606]
    execution_time: -0.59785828998271096
  - positions: [0.60519974672233778, -0.50194600733482864, -1.7789146586518298, 0.71006401239681638, -1.5707963267894871, 1.1170705873791218]
    velocities: [-8.3818214451757129e-22, 2.1717556749003508e-18, 1.1629733465689528e-18, -3.3022880890597302e-18, 5.5655108613996369e-27, 1.1763873061527789e-21]
    accelerations: [0.00025381860150087146, -0.65765179061653534, -0.352171983547583, 1.0000000000006619, -1.6853498881098541e-09, -0.00035623400334175984]
    execution_time: -0.59785828998271096