trajectory:
  - positions: [-1.6797716801784486, 1.0633191965924742, 0.68754776599353895, 2.9615216849035404, -1.5707963267948966, -3.0193287921570184]
    velocities: [0, 0, 0, 0, 0, 0]
    accelerations: [0, 0, 0, 0, 0, 0]
    execution_time: 4.6372509430201034e-310