trajectory:
  - positions: [-0.61730995487795259, -0.4780776959807107, -1.8689304197684875, 0.77615999047109963, -1.5707963267948966, 0.95348111217379106]
    velocities: [-0, 0, 0, -0, 0, 0]
    accelerations: [0, 0, 0, 0, 0, 0]
    execution_time: -0.74017569258727955
  - positions: [-0.61731153082409429, -0.47584904620753699, -1.8678973629488267, 0.77294791561961751, -1.5707963267452849, 0.95348460795196099]
    velocities: [-7.5715786057127417e-06, 0.010707470576429911, 0.004963285677922087, -0.015432302273567875, 2.3835844167147039e-10, 1.6795345032477853e-05]
    accelerations: [0.0004906318235278742, -0.69383494352435282, -0.32161667066513605, 1.000000000000165, -1.5445423336462583e-08, -0.0010883240060199828]
    execution_time: -0.74017569258727955
  - positions: [-0.61731158924753915, -0.47576642574627659, -1.8678590654864009, 0.77282883764288612, -1.5707963267434455, 0.95348473754738172]
    velocities: [-1.3521425553371069e-21, 1.9121543049803619e-18, 8.8635014293454549e-19, -2.7559210195840596e-18, 4.2566366829324343e-26, 2.9993350043078948e-21]
    accelerations: [0.00049063182352772491, -0.69383494352413755, -0.32161667066503696, 0.99999999999985756, -1.5445423336457828e-08, -0.001088324006019645]
    execution_time: -0.74017569258727955