trajectory:
  - positions: [-3.3440307133232943, 0.56881518958718191, 1.6349159247801894, -0.63291428123208116, 1.5707963267948966, 1.3683580007452865]
    velocities: [-0, -0, -0, 0, -0, -0]
    accelerations: [0, 0, 0, 0, 0, 0]
    execution_time: -0.84868256857422064
  - positions: [-3.3440322717962969, 0.56577442802863565, 1.6329665663825006, -0.62793519492918559, 1.5707963267684035, 1.3683569452530424]
    velocities: [-2.8437592379706244e-05, -0.055485040540740535, -0.035570112171474669, 0.090853820680397643, -4.8342190110085152e-10, -1.9259658751296557e-05]
    accelerations: [0.00031300381389302005, 0.61070673886073301, 0.39150926075651815, -1.0000000000004747, 5.3208758583926269e-09, 0.00021198512739551933]
    execution_time: -0.84868256857422064
  - positions: [-3.3440335636282561, 0.56325391406676917, 1.6313507260860962, -0.62380798656307268, 1.5707963267464431, 1.368356070346251]
    velocities: [3.3512589050251061e-21, 6.5386947574552914e-18, 4.1917984327134437e-18, -1.0706766998602078e-17, 5.6969378044272037e-26, 2.2696753661919544e-21]
    accelerations: [0.00031300381389288729, 0.61070673886045257, 0.39150926075635628, -0.99999999999995426, 5.3208758583900816e-09, 0.00021198512739543032]
    execution_time: -0.84868256857422064