trajectory:
  - positions: [3.9756987017442458, 0.50201358864709766, 1.5891898483376923, 2.6211851439257363, -1.5707963267948966, -3.994263597703188]
    velocities: [0, 0, 0, 0, 0, 0]
    accelerations: [0, 0, 0, 0, 0, 0]
    execution_time: 4.6808947512207354e-310