trajectory:
  - positions: [1.6691567195475561, 0.53986582958969365, 1.6389720522784346, -0.60799927739092652, 1.5707963267948966, 1.0470679218305381]
    velocities: [-0, -0, -0, 0, -0, -0]
    accelerations: [0, 0, 0, 0, 0, 0]
    execution_time: 0.068059068817519011
  - positions: [1.6691541374623509, 0.5375344909483506, 1.6372900945945024, -0.60402204376053625, 1.5707963266004124, 1.0470612407958917]
    velocities: [-2.3396825050273158e-05, -0.021124756927525634, -0.015240577497133732, 0.036038562650671069, -1.7622620252457199e-09, -6.0538280636881703e-05]
    accelerations: [0.0006492163762761502, 0.58617090621201817, 0.42289637477669251, -0.99999999999984845, 4.8899342693753154e-08, 0.0016798195095537568]
    execution_time: 0.068059068817519011
  - positions: [1.6691537158683782, 0.53715383801034411, 1.6370154703410209, -0.60337265476157309, 1.5707963265686578, 1.047060149939582]
    velocities: [6.8455880602296743e-22, 6.1808122891714854e-19, 4.4591826079481521e-19, -1.0544385986524812e-18, 5.1561354385036195e-26, 1.7712665296432274e-21]
    accelerations: [0.0006492163762759944, 0.58617090621187884, 0.42289637477659003, -0.99999999999961164, 4.8899342693741441e-08, 0.0016798195095533565]
    execution_time: 0.068059068817519011