trajectory:
  - positions: [1.5556695718032465, -0.27912276799216729, -2.0300878847091064, 0.7384140096559979, -1.5707961936368422, 0.11082076589378707]
    velocities: [0, 0, 0, 0, 0, 0]
    accelerations: [0, 0, 0, 0, 0, 0]
    execution_time: 4.6372509474327025e-310