trajectory:
  - positions: [2.9651289366000526, 0.42143558854608792, 1.8852976751958965, -0.73591030533618706, 1.5707963267948966, 1.3943383356014998]
    velocities: [0, -0, -0, 0, -0, -0]
    accelerations: [0, 0, 0, 0, 0, 0]
    execution_time: -0.74017681847376082
  - positions: [2.9651295252410046, 0.41823377717226062, 1.8834867637281663, -0.73091030533618706, 1.5707963267780096, 1.3943364709700177]
    velocities: [1.1772819047329882e-05, -0.064036227476545887, -0.036218229354603261, 0.10000000000000032, -3.3773754695325822e-10, -3.7292629640263466e-05]
    accelerations: [0.00011772819047332386, -0.64036227476559293, -0.36218229354611065, 1.000000000000222, -3.3773754695333139e-09, -0.00037292629640271426]
    execution_time: -0.74017681847376082
  - positions: [2.9651301529710623, 0.41481934732287479, 1.8815555974450566, -0.72557827691424981, 1.5707963267600014, 1.3943344825164059]
    velocities: [3.9419161352411909e-07, -0.0021441375877345411, -0.0012127020903728008, 0.003348319650029144, -1.1308532650162315e-11, -1.2486764462575305e-06]
    accelerations: [-0.00011772819047329525, 0.64036227476543939, 0.36218229354602172, -0.99999999999997335, 3.3773754695324809e-09, 0.00037292629640262341]
    execution_time: -0.74017681847376082
  - positions: [2.9651301536310024, 0.41481575769386614, 1.8815535671879371, -0.72557267129201042, 1.5707963267599825, 1.3943344804259221]
    velocities: [1.5422218923031931e-21, -8.3886511393577408e-18, -4.7445345066945338e-18, 1.3099852177316693e-17, -4.424311939817224e-26, -4.885279355908688e-21]
    accelerations: [-0.00011772819047319549, 0.64036227476489693, 0.36218229354571474, -0.9999999999991257, 3.377375469529618e-09, 0.00037292629640230736]
    execution_time: -0.74017681847376082