trajectory:
  - positions: [-1.5583975808658692, 0.19805231611608831, 2.3186034387736583, -0.94585901197592981, 1.5707963267948966, 2.431220531789839]
    velocities: [0, 0, 0, 0, 0, 0]
    accelerations: [0, 0, 0, 0, 0, 0]
    execution_time: 0.042028819000000002