trajectory:
  - positions: [-0.70723937883066657, 0.56397143219654589, 1.6102317504265173, -0.60248114103325512, 1.5703083025251396, -1.5419652111498077]
    velocities: [-0, -0, 0, -0, 0, -0]
    accelerations: [0, 0, 0, 0, 0, 0]
    execution_time: 0.58658131290439941
  - positions: [-0.7072574565688371, 0.56394760469541827, 1.6104072833062759, -0.6035584392708957, 1.5707959383611556, -1.5427867317143533]
    velocities: [8.9161242150363098e-20, 1.1751965748351762e-19, -8.6574600483033295e-19, 5.313344408926976e-18, -2.4050695084793159e-18, 4.0518229269613716e-18]
    accelerations: [0.016780625400557907, 0.022117831715568474, -0.16293805524363991, 0.99999999999987965, -0.45264701916146399, 0.76257487095197451]
    execution_time: 0.58658131290439941