trajectory:
  - positions: [-2.3448350428787208, 0.099902521149005163, 2.1953111976859496, -0.72441703417778669, 1.5707963267948966, -3.7419304159987252]
    velocities: [0, 0, 0, 0, 0, 0]
    accelerations: [0, 0, 0, 0, 0, 0]
    execution_time: 4.6372507503487306e-310