trajectory:
  - positions: [-4.502841878437331, 0.27779989265494087, 2.1447249854121124, -0.85169815794621617, 1.5707963267948966, -1.2971278958075365]
    velocities: [-0, -0, -0, 0, -0, 0]
    accelerations: [0, 0, 0, 0, 0, 0]
    execution_time: 0.01810230390545876
  - positions: [-4.5028445632158789, 0.27524971719214941, 2.1435378085307222, -0.84798796699587453, 1.5707963267750009, -1.2971265218267862]
    velocities: [-2.0386028811047536e-05, -0.019363962251738528, -0.0090144574962745631, 0.02817217817260147, -1.5107183184843218e-10, 1.0432894430434165e-05]
    accelerations: [0.00072362274177578667, 0.68734345399592389, 0.31997729962691451, -1.0000000000003102, 5.3624476930009667e-09, -0.00037032615534796814]
    execution_time: 0.01810230390545876
  - positions: [-4.5028448503752969, 0.27497695469480765, 2.1434108300793651, -0.84759113118438012, 1.5707963267728728, -1.2971263748681059]
    velocities: [2.2506529576229673e-21, 2.1378150358326395e-18, 9.9521175082231985e-19, -3.1102573588283177e-18, 1.6678592398483031e-26, -1.1518096498372541e-21]
    accelerations: [0.00072362274177522289, 0.68734345399539021, 0.31997729962666632, -0.99999999999953038, 5.3624476929967894e-09, -0.00037032615534767773]
    execution_time: 0.01810230390545876