trajectory:
  - positions: [-2.3448350428787208, 0.12639270155115753, 2.2130153599805782, -0.76861139351932461, 1.5707963267948966, -3.7419304159987252]
    velocities: [0, 0, 0, 0, 0, 0]
    accelerations: [0, 0, 0, 0, 0, 0]
    execution_time: 0.041874672000000002