trajectory:
  - positions: [0.42676121164646025, -0.32588865903752895, -1.8588692634862773, 0.61396122954425969, -1.5707963267948966, 4.0144815177507427]
    velocities: [0, 0, 0, 0, 0, 0]
    accelerations: [0, 0, 0, 0, 0, 0]
    execution_time: 4.6808949504137747e-310