trajectory:
  - positions: [1.7879407615419789, -0.36144475577777224, -1.9514520614120645, 0.74210015749980374, -1.5707963267948966, -0.022321388706229215]
    velocities: [0, 0, 0, 0, 0, 0]
    accelerations: [0, 0, 0, 0, 0, 0]
    execution_time: 4.637250938012254e-310