trajectory:
  - positions: [-2.0590208662658909, 0.7129338164525012, 1.3371115311495501, 2.6623909038919873, -1.5707963267948966, -4.5973084633601857]
    velocities: [-0, -0, -0, 0, 0, -0]
    accelerations: [0, 0, 0, 0, 0, 0]
    execution_time: -0.51567199550144005
  - positions: [-2.0590222295360125, 0.71031937839369075, 1.3347689976491348, 2.667319898135756, -1.5707963267615128, -4.5973084975944136]
    velocities: [-2.2996977322917519e-05, -0.044102905059806623, -0.039516152321940369, 0.083147108588287125, 5.6314994376011688e-10, -5.7749654007001503e-07]
    accelerations: [0.00027658180438697486, 0.53042018909123323, 0.47525588072572633, -0.99999999999957689, -6.7729347817539181e-09, 6.9454795226773052e-06]
    execution_time: -0.51567199550144005
  - positions: [-2.059023185602098, 0.70848586387565748, 1.333126170745083, 2.6707766189690521, -1.5707963267381007, -4.5973085216029981]
    velocities: [-9.2817537811187456e-22, -1.7800265663141879e-18, -1.5949017606932297e-18, 3.3558801171636606e-18, 2.2729157168943739e-26, -2.3308196634329827e-23]
    accelerations: [0.00027658180438670208, 0.5304201890907122, 0.47525588072526165, -0.99999999999860811, -6.772934781747342e-09, 6.9454795226705298e-06]
    execution_time: -0.51567199550144005