trajectory:
  - positions: [1.0368439798266966, -0.33893069152786498, -2.0261223046879242, 0.7944398616143763, -1.5708771537339805, -0.87394087937055798]
    velocities: [0, 0, 0, 0, 0, 0]
    accelerations: [0, 0, 0, 0, 0, 0]
    execution_time: -0.22604545668969331