trajectory:
  - positions: [1.1786080393932497, 0.10650359035206529, -2.5588503965030145, 0.88155012981615966, -1.5707963267948966, 1.3964791176437601]
    velocities: [0, 0, 0, 0, 0, 0]
    accelerations: [0, 0, 0, 0, 0, 0]
    execution_time: 4.6372507430879418e-310