trajectory:
  - positions: [0.40048293564329412, -0.29784743697175758, -1.9393787537682448, 0.66642956433948308, -1.5707963267948966, -1.9852587609217482]
    velocities: [0, 0, 0, 0, 0, 0]
    accelerations: [0, 0, 0, 0, 0, 0]
    execution_time: 4.6372508982071635e-310