trajectory:
  - positions: [-1.1313796737798389, 0.25888465785459858, 2.0984704046512892, 2.3550336182731795, -1.5707963267948966, -3.0079035647644696]
    velocities: [0, 0, 0, 0, 0, 0]
    accelerations: [0, 0, 0, 0, 0, 0]
    execution_time: 4.6372507430879418e-310