trajectory:
  - positions: [4.443458179818526, 0.89914456987387714, 0.91957221385727539, 2.8937024235319098, -1.5707963267948966, -2.9297299330746105]
    velocities: [0, -0, -0, 0, -0, 0]
    accelerations: [0, 0, 0, 0, 0, 0]
    execution_time: -0.39852057439724237
  - positions: [4.4434596387872896, 0.89864969638818604, 0.91863593900196028, 2.8951030181996464, -1.5707963268573675, -2.9297272887834915]
    velocities: [-5.0448064384702094e-21, 1.7111681957592098e-18, 3.2374410859107989e-18, -4.8429611201213231e-18, 2.1601126344915797e-25, -9.1434012811800441e-21]
    accelerations: [-0.0010416780794522029, 0.35333097939802571, 0.6684838068304273, -0.99999999999989286, 4.4603138057759888e-08, -0.0018879774283527613]
    execution_time: -0.39852057439724237