trajectory:
  - positions: [3.9756987017442458, 0.51807797607953732, 1.604423262931, 2.589887408479016, -1.5707963267948966, -3.994263597703188]
    velocities: [0, 0, 0, 0, 0, 0]
    accelerations: [0, 0, 0, 0, 0, 0]
    execution_time: 4.6808947512207354e-310