trajectory:
  - positions: [1.6521764044372109, -0.19421366901036172, -2.192087574344463, 0.81550466688857604, -1.5707963267948966, 2.5727033615452797]
    velocities: [0, 0, 0, 0, 0, 0]
    accelerations: [0, 0, 0, 0, 0, 0]
    execution_time: 4.6372509466255968e-310