trajectory:
  - positions: [0.70889906082200393, 0.39815663114159627, 1.9107664168067058, -0.73807991609724743, 1.5707963267948966, -2.1995737201686758]
    velocities: [-0, -0, -0, 0, -0, -0]
    accelerations: [0, 0, 0, 0, 0, 0]
    execution_time: 0.682688506647121
  - positions: [0.70889189739820702, 0.39702353531602153, 1.9101038407142461, -0.73633072244047204, 1.5707963266188372, -2.1995741236568027]
    velocities: [1.2074686016131268e-20, 1.9099493074651331e-18, 1.1168400062672653e-18, -2.9484454341590698e-18, 2.9676617021862108e-25, 6.8012064925853456e-22]
    accelerations: [0.0040952719952832154, 0.64778180573995803, 0.37878944386362584, -1.0000000000000855, 1.0065174236581641e-07, 0.00023067092962925084]
    execution_time: 0.682688506647121