trajectory:
  - positions: [1.1096884264382254, 0.62569624915061206, 1.5617883175657581, -0.61666973095189759, 1.5707963267948966, -3.6026990226288378]
    velocities: [-0, -0, -0, 0, -0, -0]
    accelerations: [0, 0, 0, 0, 0, 0]
    execution_time: 0.5554040137613514
  - positions: [1.1096870869834918, 0.62478713561499954, 1.5612226262526769, -0.61521310827788034, 1.5707963267623479, -3.6027012398114042]
    velocities: [3.3738824171805584e-21, 2.2899184990309717e-18, 1.42489023848147e-18, -3.6690106094314548e-18, 8.1985041563183969e-26, 5.5847451123727242e-21]
    accelerations: [0.00091956191364169621, 0.62412425113858083, 0.38835816795368538, -0.99999999999997502, 2.2345272415520823e-08, 0.0015221392650150963]
    execution_time: 0.5554040137613514