trajectory:
  - positions: [-1.6797716801784486, 1.0727475857996818, 0.70505192489030277, 2.9345891367995689, -1.5707963267948966, -3.0193287921570184]
    velocities: [0, 0, 0, 0, 0, 0]
    accelerations: [0, 0, 0, 0, 0, 0]
    execution_time: 0.029624832