trajectory:
  - positions: [-1.7629737594805406, 0.96474941279910709, 0.8865014123358077, 2.8611974771630564, -1.5707963267948966, 0.080911561027542142]
    velocities: [-0, -0, -0, 0, 0, -0]
    accelerations: [0, 0, 0, 0, 0, 0]
    execution_time: -0.33542509955413957
  - positions: [-1.7629739725209654, 0.96292336970785652, 0.88403357784439596, 2.8654432216128396, -1.5707963267035114, 0.080908715737033954]
    velocities: [-2.2616263038055299e-06, -0.019385180499194327, -0.026198405331932035, 0.045072606942769572, 9.7014009996824283e-10, -3.0205459190954639e-05]
    accelerations: [5.0177401690476418e-05, 0.43008784745461554, 0.58124894717500963, -0.99999999999945377, -2.1523940277063258e-08, 0.00067015114588981576]
    execution_time: -0.33542509955413957
  - positions: [-1.762974023489662, 0.96248649939727915, 0.88344316263136913, 2.866458991561148, -1.570796326681648, 0.080908035017639143]
    velocities: [-3.967671978629722e-22, -3.400828746018434e-18, -4.5961031911144717e-18, 7.9072886298547215e-18, 1.701960082225863e-25, -5.299078536181521e-21]
    accelerations: [5.0177401690489232e-05, 0.43008784745472767, 0.58124894717515818, -0.99999999999971378, -2.1523940277068718e-08, 0.00067015114588998652]
    execution_time: -0.33542509955413957