trajectory:
  - positions: [-0.60610989775556989, -0.17964266580394073, 2.6190346413454972, -0.86859544900957819, 1.5707963267948966, 0.83751116592422781]
    velocities: [0, 0, 0, 0, 0, 0]
    accelerations: [0, 0, 0, 0, 0, 0]
    execution_time: 4.6372509264606039e-310