trajectory:
  - positions: [0.89242088706975409, -0.69629897991456657, -1.3978300061067028, 0.5233322930417228, -1.5707963267948966, -0.091294085951919401]
    velocities: [0, 0, 0, 0, 0, 0]
    accelerations: [0, 0, 0, 0, 0, 0]
    execution_time: 4.6372507456910749e-310