trajectory:
  - positions: [4.5359194044405511, 0.07268243487108933, 2.0772459428697392, -0.57840296898563071, 1.5711462661621329, -0.63693458921366475]
    velocities: [0, 0, 0, -0, -0, -0]
    accelerations: [0, 0, 0, 0, 0, 0]
    execution_time: -0.26250867530594146
  - positions: [4.5359513280667922, 0.072683462611698432, 2.0775294688420267, -0.57941615966953419, 1.5707960806758969, -0.63764192122249574]
    velocities: [-1.6310858359619038e-19, -5.2510737279232573e-21, -1.4486299082441946e-18, 5.1767332481572047e-18, 1.7892158686613777e-18, 3.6139980220643675e-18]
    accelerations: [-0.031508013988215573, -0.0010143605003778702, -0.27983476041767058, 1.000000000000046, 0.34562643715481733, 0.6981232852496374]
    execution_time: -0.26250867530594146