trajectory:
  - positions: [2.1119551876728511, 0.43050724732527934, 1.865682961135245, -0.72535020582375043, 1.5707963267948966, -2.6004377874534739]
    velocities: [-0, -0, -0, 0, 0, 0]
    accelerations: [0, 0, 0, 0, 0, 0]
    execution_time: -0.27242036067169217
  - positions: [2.1119536159571539, 0.42750814333449727, 1.8639574631163716, -0.72065548438522242, 1.5707963267960645, -2.6004361550664838]
    velocities: [-2.1779547530549595e-05, -0.041559124231673752, -0.023910536863102218, 0.065055600638245545, 1.6182624839821356e-11, 2.2620280562884381e-05]
    accelerations: [0.00033478358998864063, 0.63882469493674443, 0.36754002158938331, -0.99999999999952982, -2.4875067912754244e-10, -0.00034770688981350433]
    execution_time: -0.27242036067169217
  - positions: [2.1119529075163808, 0.42615631644005181, 1.8631797059477655, -0.71853936879802105, 1.5707963267965908, -2.6004354192785146]
    velocities: [1.4609513017573514e-21, 2.7877464653934947e-18, 1.6038960362637446e-18, -4.3638677206556658e-18, -1.0855150591363669e-27, -1.5173468727074388e-21]
    accelerations: [0.0003347835899885423, 0.63882469493655558, 0.3675400215892704, -0.99999999999922629, -2.4875067912746675e-10, -0.00034770688981339824]
    execution_time: -0.27242036067169217