trajectory:
  - positions: [0.71635065213107285, -0.64555317771240639, -1.5299245272293416, -2.536944831272677, 1.5707963267948966, -4.1014033673054024]
    velocities: [0, 0, 0, -0, -0, 0]
    accelerations: [0, 0, 0, 0, 0, 0]
    execution_time: -0.45221844788224458
  - positions: [0.71635198276400602, -0.64316152762732237, -1.5284718678285032, -2.540759077324847, 1.5707963267314564, -4.1014009641416402]
    velocities: [1.0860137006073076e-05, 0.019519769086498918, 0.011856072191556924, -0.031130474579784372, -5.1777379489873305e-10, 1.9613739489642877e-05]
    accelerations: [-0.00034885870365505004, -0.62703088693576581, -0.38085099413334322, 0.99999999999972866, 1.6632377176634011e-08, -0.00063004948541241809]
    execution_time: -0.45221844788224458
  - positions: [0.71635215180461553, -0.64285769778964719, -1.5282873252515154, -2.5412436305486281, 1.5707963267233973, -4.1014006588491307]
    velocities: [-3.6595902135355028e-22, -6.5776661822477586e-19, -3.9951950641993762e-19, 1.0490178903929755e-18, 1.7447661218057678e-26, -6.609331820306957e-22]
    accelerations: [-0.00034885870365525333, -0.62703088693613118, -0.38085099413356477, 1.0000000000003055, 1.6632377176643656e-08, -0.00063004948541278303]
    execution_time: -0.45221844788224458