trajectory:
  - positions: [-0.13472932786948708, 0.27031008498422926, 2.1834639924186776, 2.2586144036390787, -1.5707963267948966, 1.8010119556462514]
    velocities: [0, 0, 0, 0, 0, 0]
    accelerations: [0, 0, 0, 0, 0, 0]
    execution_time: 4.6372507508277766e-310