trajectory:
  - positions: [2.0871778026810262, -1.0379286187596588, -0.75014070688394374, -2.9246379690703792, 1.5698425156504847, -3.1685734049094951]
    velocities: [0, 0, 0, 0, 0, 0]
    accelerations: [0, 0, 0, 0, 0, 0]
    execution_time: 0.62316176062647755