trajectory:
  - positions: [0.70727899335188149, -0.43571552489012005, -1.7696435132725894, 0.63452389579492496, -1.5707963267948966, 4.268203804279791]
    velocities: [0, 0, 0, -0, -0, -0]
    accelerations: [0, 0, 0, 0, 0, 0]
    execution_time: -0.52460916528826307
  - positions: [0.70727936392396396, -0.43386871649068531, -1.7682549110476313, 0.63132564819339421, -1.5707963268512604, 4.268200493996348]
    velocities: [1.7502810709929949e-06, 0.0087228205694591648, 0.0065586273347949678, -0.015105920014981048, -2.6621726150934073e-10, -1.5635086195228372e-05]
    accelerations: [-0.00011586722750133921, -0.57744384723391162, -0.43417596070216002, 0.99999999999991274, 1.7623372905807857e-08, 0.0010350303840958475]
    execution_time: -0.52460916528826307
  - positions: [0.70727937714376687, -0.43380283337577169, -1.7682053739976675, 0.63121155378364469, -1.5707963268532712, 4.2682003759051668]
    velocities: [4.0731509889306234e-22, 2.0299234115923991e-18, 1.5262851125728972e-18, -3.5153607079130212e-18, -6.1952512653981244e-26, -3.6385051437469879e-21]
    accelerations: [-0.00011586722750132628, -0.57744384723384723, -0.4341759607021124, 0.99999999999980138, 1.7623372905805888e-08, 0.0010350303840957337]
    execution_time: -0.52460916528826307