trajectory:
  - positions: [0.97084405695375342, -0.25691698128319351, -2.1827534610398445, 0.86887381592251878, -1.5707963267948966, -4.0821969158398606]
    velocities: [0, 0, 0, 0, 0, 0]
    accelerations: [0, 0, 0, 0, 0, 0]
    execution_time: 0