trajectory:
  - positions: [-1.2837511039681775, 0.10070303408316936, 2.3836199894140897, -0.91352617239252309, 1.5707963267948966, -0.60274186450397393]
    velocities: [0, 0, 0, 0, 0, 0]
    accelerations: [0, 0, 0, 0, 0, 0]
    execution_time: 0