trajectory:
  - positions: [-1.8810559253696728, -0.68102974580459719, -1.5255014161328835, 0.63572151933713361, -1.5707963267948966, 0.63844313681314013]
    velocities: [0, 0, 0, -0, 0, 0]
    accelerations: [0, 0, 0, 0, 0, 0]
    execution_time: 0
  - positions: [-1.8810546184993018, -0.6800880638299186, -1.5250297661241581, 0.63432117636428342, -1.5707963267817875, 0.63844381557190188]
    velocities: [1.6173006864783993e-21, 1.1653664646859209e-18, 5.8368442639565851e-19, -1.7329765074617643e-18, 1.6222960889095722e-26, 8.3998921061147641e-22]
    accelerations: [-0.00093325020824840382, -0.67246524097012272, -0.33681035137084497, 0.99999999999992828, -9.361327645956271e-09, -0.00048470894267442879]
    execution_time: 0