trajectory:
  - positions: [0.76913790046683328, -0.4257212805302979, -1.8036564746087, 0.6589767080288963, -1.5696859217783881, 2.822130768184357]
    velocities: [0, -0, 0, -0, -0, 0]
    accelerations: [0, 0, 0, 0, 0, 0]
    execution_time: -0.47316893937350063
  - positions: [0.76926221091862024, -0.42578242062913219, -1.8034234193438805, 0.65840929125389747, -1.5707963642147034, 2.8221954911657781]
    velocities: [-2.3205032769569506e-19, 1.1413022610647874e-19, -4.3504427660888487e-19, 1.0591969274165856e-18, 2.072862961481153e-18, -1.2081839324282113e-19]
    accelerations: [-0.11194677699768063, 0.055059223994682896, -0.20987604327591575, 0.51098261057242533, 0.99999999999994582, -0.058285760075757483]
    execution_time: -0.47316893937350063