trajectory:
  - positions: [4.6213653301190893, -0.014264388060574187, 2.3770409162571582, 2.3500902586577741, -1.5705786133757826, 0.97719083588460309]
    velocities: [0, 0, 0, 0, 0, 0]
    accelerations: [0, 0, 0, 0, 0, 0]
    execution_time: -0.18083455960525902