trajectory:
  - positions: [-0.50517848928654785, -0.8295051044762044, -1.1109916443176555, -2.7719112731926239, 1.5707963267948966, 4.2072070289887247]
    velocities: [-0, 0, 0, -0, -0, 0]
    accelerations: [0, 0, 0, 0, 0, 0]
    execution_time: -0.84868703523721445
  - positions: [-0.50517863365951055, -0.82823342995669302, -1.1095423911344731, -2.7746128930707914, 1.5707963267577503, 4.2072109874436761]
    velocities: [-2.2001820831805287e-07, 0.0019379774717164569, 0.0022085997452399742, -0.0041171529197904571, -5.6609406941160419e-11, 6.0325157118273489e-06]
    accelerations: [5.3439406454996296e-05, -0.47070815912641067, -0.53643859926204107, 1.0000000000000195, 1.3749648857842928e-08, -0.001465215363468814]
    execution_time: -0.84868703523721445
  - positions: [-0.50517863411243491, -0.82822944048188996, -1.1095378445630282, -2.7746213685448735, 1.5707963267576337, 4.2072109998620713]
    velocities: [-1.6977808185605077e-22, 1.4954494009542471e-18, 1.7042763469492269e-18, -3.1770203510593188e-18, -4.3682914241285636e-26, 4.6550190284251098e-21]
    accelerations: [5.3439406455012132e-05, -0.47070815912655023, -0.53643859926220006, 1.0000000000003151, 1.3749648857846991e-08, -0.0014652153634692477]
    execution_time: -0.84868703523721445