trajectory:
  - positions: [-3.3180462505673911, 0.45112231127039193, 1.9001037855923011, -0.78039807845082454, 1.5707963267948966, 1.3943461919267155]
    velocities: [0, -0, -0, 0, 0, -0]
    accelerations: [0, 0, 0, 0, 0, 0]
    execution_time: 0
  - positions: [-3.3180439955879266, 0.44887563790332491, 1.8990473821509573, -0.77712505725761771, 1.570796326823213, 1.3943457556177001]
    velocities: [1.1633878059559579e-05, -0.01159102528466064, -0.0054501910152628475, 0.016886153529837584, 1.4609016880284189e-10, -2.2510031510361236e-06]
    accelerations: [-0.00068895962831345275, 0.6864218819389859, 0.32276095356072804, -1.0000000000000915, -8.6514769953213894e-09, 0.00013330467160912703]
    execution_time: 0
  - positions: [-3.3180438973622008, 0.44877777398706242, 1.8990013657698319, -0.77698248616710108, 1.5707963268244465, 1.3943457366123078]
    velocities: [-4.5230260948282766e-21, 4.5063657672821717e-18, 2.1189285342024373e-18, -6.5650089046595502e-18, -5.67970235127371e-26, 8.7514635614656742e-22]
    accelerations: [-0.0006889596283137765, 0.68642188193931386, 0.32276095356089068, -1.0000000000005747, -8.6514769953255882e-09, 0.00013330467160919317]
    execution_time: 0