trajectory:
  - positions: [-2.0810947432771219, 0.625472943093209, 1.4215301424375903, -0.47617679817363939, 1.5707963267948966, 0.76023435373145309]
    velocities: [-0, -0, -0, 0, -0, -0]
    accelerations: [0, 0, 0, 0, 0, 0]
    execution_time: -0.61224691565750022
  - positions: [-2.0810955325071459, 0.62303199862180203, 1.4189903163550939, -0.47121267235834485, 1.5707963267726384, 0.76023364871542753]
    velocities: [-1.3994167111383401e-05, -0.043281405670129829, -0.045034716805640793, 0.088020987665274539, -3.9466782121423745e-10, -1.250093353822341e-05]
    accelerations: [0.00015898670854042686, 0.49171688273606307, 0.51163612224945476, -0.99999999999971645, 4.4837922373123768e-09, 0.00014202219118193042]
    execution_time: -0.61224691565750022
  - positions: [-2.0810961483973514, 0.62112716258448897, 1.4170083162288647, -0.46733882522355963, 1.5707963267552689, 0.76023309854316912]
    velocities: [-1.2089534687513221e-21, -3.7390725079146183e-18, -3.8905407276525458e-18, 7.6041165947125414e-18, -3.409527895899991e-26, -1.0799533007842522e-21]
    accelerations: [0.00015898670854046972, 0.49171688273619046, 0.51163612224959409, -0.99999999999999156, 4.4837922373136002e-09, 0.00014202219118196843]
    execution_time: -0.61224691565750022