trajectory:
  - positions: [0.75722771143978085, 0.11381912741894483, -2.2976739220828346, 0.61297605967801216, -1.5716361546446531, 1.2029967360239773]
    velocities: [0, 0, 0, 0, 0, 0]
    accelerations: [0, 0, 0, 0, 0, 0]
    execution_time: -0.24884052825320424