trajectory:
  - positions: [0.9837027308030375, -0.75064331196066902, -1.2672935673798149, 0.44709374748942909, -1.5707963267948966, -0.099457839825989186]
    velocities: [-0, 0, 0, -0, -0, -0]
    accelerations: [0, 0, 0, 0, 0, 0]
    execution_time: -0.44759902645074084
  - positions: [0.98370271934775133, -0.74811358538705441, -1.2648780543641389, 0.44217615587356551, -1.5707963268029785, -0.099458181599711953]
    velocities: [-1.906520754279421e-07, 0.04210262544032408, 0.040201751764784931, -0.081844227763850183, -1.3451029018613612e-10, -5.6881922279785787e-06]
    accelerations: [2.3294504772897536e-06, -0.51442388291331398, -0.4911983760269249, 0.99999999999991096, 1.6434914698471759e-09, 6.9500224797651206e-05]
    execution_time: -0.44759902645074084
  - positions: [0.98370271154586542, -0.74639065695405737, -1.2632329137001674, 0.438826917064435, -1.570796326808483, -0.099458414372562087]
    velocities: [6.9975092888816271e-24, -1.5452940228616726e-18, -1.4755261948864504e-18, 3.0039313379273559e-18, 4.9369355298909187e-27, 2.0877390326269066e-22]
    accelerations: [2.3294504772896079e-06, -0.51442388291323271, -0.49119837602686534, 0.99999999999978018, 1.6434914698470458e-09, 6.9500224797646002e-05]
    execution_time: -0.44759902645074084