trajectory:
  - positions: [1.3263441045462507, 0.32019318944077185, 1.9660274089000136, 2.42674801905516, -1.5717294984408603, 3.1494697514620293]
    velocities: [0, 0, 0, 0, 0, 0]
    accelerations: [0, 0, 0, 0, 0, 0]
    execution_time: 0.27625591607348043