trajectory:
  - positions: [1.4668112046619353, -0.21628468312342064, -2.1625643031320627, 0.80805234321020736, -1.5707963267948966, -4.3036233141456268]
    velocities: [0, 0, 0, 0, 0, 0]
    accelerations: [0, 0, 0, 0, 0, 0]
    execution_time: 4.6372507436167897e-310