trajectory:
  - positions: [-0.43395853765045389, 0.0093771816128723467, 2.21263905531855, 2.4904625502386519, -1.571536818735993, 4.260626844662406]
    velocities: [0, -0, -0, 0, 0, 0]
    accelerations: [0, 0, 0, 0, 0, 0]
    execution_time: 0.2461381297628974
  - positions: [-0.43359823765318534, 0.0092807597348657008, 2.2126166666653444, 2.490490611809288, -1.5707964017528155, 4.2619286254452051]
    velocities: [9.6155272128312295e-19, -2.573264498789702e-19, -5.9749848956141797e-20, 7.4889480469443921e-20, 1.9759921466996575e-18, 3.4741350644017212e-18]
    accelerations: [-0.27677470894432266, 0.074069212943298532, 0.017198481880676932, -0.021556295043565057, -0.56877240235903048, -0.99999999999992628]
    execution_time: 0.2461381297628974