position:
  x: 0.084944594340801802
  y: 0.75522694315744698
  z: 0.29999999999999999
orientation:
  x: 0.68407556971092265
  y: -0.72941114258330098
  z: -1.1783962139311259e-15
  w: 1.1051545751483618e-15