position:
  x: 0.44148866896820166
  y: 0.85639669860522216
  z: 0.23399999999999974
orientation:
  x: -0.72941114258328044
  y: -0.68407556971094452
  z: 1.1051545751483971e-15
  w: 1.1783962139310926e-15