position:
  x: 0.79520172438618753
  y: -0.1252722666533726
  z: 0.23500000000000001
orientation:
  x: 0.56223717886745528
  y: 0.82697603030508993
  z: 5.0637677424235649e-17
  w: 3.4427098073083348e-17