position:
  x: 0.52870349047921128
  y: -0.70657844743558063
  z: 0.23699999999999971
orientation:
  x: -0.48991416607719301
  y: -0.87177067504985994
  z: 1.4083843842262348e-15
  w: 7.9147817294367463e-16