position:
  x: 0.20082546210232299
  y: -0.32937686800040999
  z: 0.216
orientation:
  x: 0.99797898839962385
  y: 0.063544777227270532
  z: 1.0265942008304431e-16
  w: 1.6122795401067338e-15