position:
  x: 0.89213180543230197
  y: 0.30946268853672659
  z: 0.27000000000000002
orientation:
  x: 0.8257239309823271
  y: 0.56407445413091795
  z: 3.4539598736610961e-17
  w: 5.0561008452843843e-17