position:
  x: -0.29001260166155718
  y: 0.41216108102933147
  z: 0.495
orientation:
  x: 0.99997419994602277
  y: 0.0071832751800005156
  z: 4.398487478291129e-19
  w: 6.1230760159691612e-17