position:
  x: 0.448806946769569
  y: 0.060040912858009797
  z: 0.255
orientation:
  x: 0.94891590764372558
  y: 0.31552907983367312
  z: 5.0975129300099709e-16
  w: 1.5330159461865945e-15