position:
  x: 0.44467435052133597
  y: -0.21551637999421067
  z: 0.29599999999999943
orientation:
  x: -0.79107036251593832
  y: 0.61172516831409018
  z: -2.4354817675526809e-15
  w: 6.0533626470928525e-15