position:
  x: -0.23383551637823485
  y: -0.38121901920262552
  z: 0.32700000000169743
orientation:
  x: -0.74673818237713052
  y: 0.66511810002442373
  z: -1.6292851908865402e-15
  w: -5.0596393909942692e-14