position:
  x: -0.56109596461623901
  y: -0.55435452554217268
  z: 0.313
orientation:
  x: 0.37824068867144151
  y: -0.9257072871233939
  z: -5.6683223306152209e-17
  w: 2.3160562434438569e-17