position:
  x: 0.31715435370557499
  y: 0.40307763007844899
  z: 0.23400000000000001
orientation:
  x: 0.99204563565256831
  y: -0.12587873840602204
  z: -2.0336271286826778e-16
  w: 1.6026939442680334e-15