position:
  x: 0.74709269337142381
  y: -0.74637846329072988
  z: 0.33100000000000007
orientation:
  x: 0.99993140850799578
  y: 0.011712313145386739
  z: -5.8876050385943457e-16
  w: 2.9019259701443414e-16