position:
  x: -0.48998762526991002
  y: 0.49194017446578658
  z: 0.45599999999999996
orientation:
  x: 0.70331128809688359
  y: -0.71088200992534789
  z: -4.3528968901325711e-17
  w: 4.3065395888602524e-17