position:
  x: 0.053813818661499972
  y: 0.66398020194528862
  z: 0.23400000000000001
orientation:
  x: 0.68407556971093419
  y: -0.7294111425832901
  z: -4.4663551051351996e-17
  w: 4.1887547841069885e-17