position:
  x: 0.179943065467777
  y: 0.97612367806794098
  z: 0.216
orientation:
  x: 0.45676124764336357
  y: 0.88958932246923794
  z: 1.4371712033883383e-15
  w: 7.3791815544129511e-16