position:
  x: -0.43840335888855803
  y: -0.58761840321944836
  z: 0.27700000000000019
orientation:
  x: 0.99996120751320106
  y: 0.008808147860982829
  z: 3.3850869038181378e-15
  w: 3.3622154965619963e-15