position:
  x: 0.56553258566960296
  y: 0.74085565969089395
  z: 0.217
orientation:
  x: 1
  y: 0
  z: 0
  w: 1.6155445744325867e-15