position:
  x: -0.18757638875802402
  y: 0.51729491525928939
  z: 0.45899999999905794
orientation:
  x: 0.45426258322971352
  y: 0.8908678383898857
  z: 5.4549922337374755e-17
  w: 2.7815560926233839e-17