position:
  x: -0.24268273755362199
  y: 0.50711457776923219
  z: 0.54900000000033677
orientation:
  x: 0.039203530848962248
  y: -0.99923124609320257
  z: -6.1185267356803088e-17
  w: 2.4005239284728068e-18