position:
  x: -0.090801384239285618
  y: -1.0015566919524599
  z: 0.24199999999999999
orientation:
  x: -0.99918568777448158
  y: -0.040348003006792289
  z: -3.0398107183824907e-17
  w: 6.2509745327255434e-17