position:
  x: 0.34172393527264899
  y: -0.75316862967382903
  z: 0.29000000000000004
orientation:
  x: 0.79362165657351114
  y: -0.60841159277048285
  z: -9.3070289003518595e-16
  w: 1.3221591649105837e-15