position:
  x: 0.069215348027885107
  y: 0.36708056092073299
  z: 0.252
orientation:
  x: 0.9929074072552545
  y: -0.11889020404410164
  z: -1.9207242409663159e-16
  w: 1.6040861747051533e-15