position:
  x: 0.141522815368544
  y: 0.80078770505494901
  z: 0.22900000000000001
orientation:
  x: 0.68407556971093364
  y: -0.72941114258329065
  z: -1.1783962139311091e-15
  w: 1.1051545751483796e-15