position:
  x: 0.261865844175864
  y: 0.31148350508704198
  z: 0.23599999999999999
orientation:
  x: 0.99204563565256831
  y: -0.12587873840602204
  z: -2.0336271286826778e-16
  w: 1.6026939442680334e-15