position:
  x: 0.066766461649247419
  y: 0.42392415853212517
  z: 0.26000000000000001
orientation:
  x: 0.99290740725525406
  y: -0.11889020404410572
  z: -7.2799253916294889e-18
  w: 6.0798043907242218e-17