position:
  x: 0.14823460548711601
  y: -0.918484692155219
  z: 0.25500000000001399
orientation:
  x: 0.37201991843357585
  y: -0.9282247466474246
  z: -1.1321665140730178e-13
  w: 8.4748598765333354e-14