position:
  x: -0.40957329172735413
  y: -0.69271181615881861
  z: 0.28100000000000003
orientation:
  x: 0.86539135885550011
  y: 0.50109659350092473
  z: 3.0683316964727493e-17
  w: 5.2989937881608336e-17