position:
  x: 0.29282729078471215
  y: 0.87425165638250013
  z: 0.253
orientation:
  x: 0.68407556971094452
  y: -0.72941114258328044
  z: -4.4663551051351404e-17
  w: 4.1887547841070513e-17