position:
  x: 0.091528048169008183
  y: 0.41378391095510153
  z: 0.23999999999999999
orientation:
  x: 0.11889020404410158
  y: 0.9929074072552545
  z: 6.0798043907242243e-17
  w: 7.2799253916292362e-18