position:
  x: 0.084438199062366243
  y: 0.75226999137867534
  z: 0.314
orientation:
  x: 0.68407556971092387
  y: -0.72941114258329987
  z: -4.4663551051352593e-17
  w: 4.188754784106925e-17