position:
  x: 0.58117095737195645
  y: 0.32856910423470009
  z: 0.22199999999999998
orientation:
  x: 0.62007255004543671
  y: -0.78454447463489885
  z: -4.8039493982518538e-17
  w: 3.7968493182614053e-17