position:
  x: -0.110808042600714
  y: -0.62021717028749901
  z: 0.25500000000169398
orientation:
  x: 0.93647637350951984
  y: 0.35073066854562107
  z: -2.0352536533492029e-16
  w: 1.8013558159087359e-15