position:
  x: 0.315321208376448
  y: 0.088231137054915407
  z: 0.217
orientation:
  x: 0.94891590764372225
  y: 0.31552907983368311
  z: 5.0975129300101327e-16
  w: 1.5330159461865889e-15