position:
  x: -0.41249486570437799
  y: -0.73283239248924203
  z: 0.2490000000008
orientation:
  x: 0.55226495327941683
  y: 0.83366865203105933
  z: 1.3468288676633059e-15
  w: 8.9220864891982775e-16