position:
  x: -0.17056818535437734
  y: -0.66013294494887265
  z: 0.313
orientation:
  x: 0.27845170147481091
  y: -0.96045023293546183
  z: -3.5709890057163635e-16
  w: 5.8303047427092483e-16