position:
  x: -0.21831003767264487
  y: -0.53929826260002345
  z: 0.31200000000000006
orientation:
  x: 0.42771237483109376
  y: -0.90391488781651674
  z: -2.6352238383864776e-16
  w: 1.14367593152053e-15