position:
  x: -0.46083469623443224
  y: 0.69245649167557455
  z: 0.27900000000029851
orientation:
  x: 1
  y: 0
  z: 0
  w: 6.123233995736766e-17