position:
  x: -0.9754207131620376
  y: -0.0047517714817820892
  z: 0.2220000000000743
orientation:
  x: 0.70710678118654791
  y: -0.70710678118654724
  z: -4.3297802811774646e-17
  w: 4.3297802811774689e-17