position:
  x: -0.417521086220214
  y: -0.96983003164792503
  z: 0.246
orientation:
  x: 0.97796975222505689
  y: -0.20874664963266054
  z: -8.5197233445733143e-16
  w: 1.4700845304917463e-15