position:
  x: 0.30927285221831802
  y: 0.25691401525878599
  z: 0.216
orientation:
  x: 0.99204563565256831
  y: -0.12587873840602204
  z: -2.0336271286826778e-16
  w: 1.6026939442680334e-15