position:
  x: -0.37449467248398971
  y: -0.50461032501848735
  z: 0.24199999999999997
orientation:
  x: 0.86779190875930901
  y: -0.49692776446066594
  z: -1.8816036539917946e-18
  w: 6.9483614967321128e-17