position:
  x: -0.13821195377528081
  y: -0.34286413860243803
  z: 0.29700000000004378
orientation:
  x: 0.45150316100802262
  y: 0.89226951959582457
  z: 1.1070074693370734e-12
  w: -3.6498190686937053e-13