position:
  x: -0.25325448617673224
  y: -1.0015575772218483
  z: 0.25899999999994755
orientation:
  x: -0.99944825468101339
  y: 0.03321424717009569
  z: 5.1746669914277202e-13
  w: 5.5468044083799554e-13