position:
  x: -0.47320780972756998
  y: -0.6757375927408461
  z: 0.29000000000169374
orientation:
  x: -0.23874044919051318
  y: -0.9710834145017162
  z: 1.034791511550241e-15
  w: 2.5579063043970046e-15