position:
  x: 0.42586880997616
  y: 0.010105666755302899
  z: 0.27200000000000002
orientation:
  x: 0.79623317062026921
  y: -0.60498986603412885
  z: -9.7738809565813427e-16
  w: 1.2863501787788321e-15