position:
  x: -0.19353011560597155
  y: -0.43819516350154764
  z: 0.32999999999999996
orientation:
  x: -0.73425553584873371
  y: 0.67887318998137569
  z: -3.3141340350630211e-16
  w: -2.2302226743752637e-16