position:
  x: -0.44679486851447919
  y: -0.82111881078230553
  z: 0.36600000000000038
orientation:
  x: 0.92238898974250239
  y: -0.38626228343161562
  z: -4.7942847995124581e-15
  w: 1.910359560090384e-15