position:
  x: 0.86240344284911774
  y: -0.48892394809227913
  z: 0.23999999999999999
orientation:
  x: 0.80045522170697758
  y: -0.59939255754641585
  z: -3.6702208851598191e-17
  w: 4.9013746256211753e-17