position:
  x: 0.34041415767495836
  y: -0.74596485288653136
  z: 0.29600000000000004
orientation:
  x: 0.79362165657351125
  y: -0.60841159277048273
  z: -1.2013581954400063e-16
  w: 2.6484272174769884e-16