position:
  x: -0.68246494817751691
  y: -0.43197608778232255
  z: 0.24199999999999997
orientation:
  x: 0.99682145629700736
  y: -0.079667962606769047
  z: -4.8782557700485372e-18
  w: 6.1037710288776667e-17