position:
  x: 0.49945058669704501
  y: 0.46191279153913301
  z: 0.23599999999999999
orientation:
  x: 0.99204563565256831
  y: -0.12587873840602204
  z: -2.0336271286826778e-16
  w: 1.6026939442680334e-15