position:
  x: 1.02983496497895
  y: -0.20584109863275801
  z: 0.23699999999999999
orientation:
  x: 0.88697154419194213
  y: 0.46182407883712789
  z: 7.4609738490764915e-16
  w: 1.4329420658953855e-15