position:
  x: 0.16476079249174799
  y: 0.79929551999258397
  z: 0.252
orientation:
  x: 0.68407556971092265
  y: -0.72941114258330098
  z: -1.1783962139311259e-15
  w: 1.1051545751483618e-15