position:
  x: -0.4138955243810129
  y: 0.41183756895558238
  z: 0.45800000000000007
orientation:
  x: 0.99982243800278936
  y: -0.018843897318718689
  z: -1.1538559267415116e-18
  w: 6.1221467420790951e-17