position:
  x: 0.98017891636251031
  y: -0.22450842221709805
  z: 0.25800000000000001
orientation:
  x: 0.88895678823219315
  y: 0.45799107923179433
  z: 8.6529216227908435e-17
  w: 2.4301215894899051e-17