position:
  x: 0.91754779829245547
  y: 0.25185501588251158
  z: 0.24099999999999999
orientation:
  x: 0.62007255004543671
  y: -0.78454447463489885
  z: -4.8039493982518538e-17
  w: 3.7968493182614053e-17