position:
  x: -0.84874092903307163
  y: 0.16175402846543635
  z: 0.21600000000000003
orientation:
  x: 1.3161864030534215e-14
  y: 1
  z: 6.123233995736766e-17
  w: 8.0593173279032041e-31