position:
  x: -0.43418278581664099
  y: -0.38189207747652998
  z: 0.23700000000169399
orientation:
  x: 0.41627706358951394
  y: 0.90923781615663779
  z: 1.4689142207607899e-15
  w: 6.7251415154276817e-16