position:
  x: -0.33333722811522898
  y: -0.70999697834142395
  z: 0.30900000000169403
orientation:
  x: 0.99978591890978152
  y: -0.020690972662583015
  z: -2.9653482640127978e-16
  w: 1.6097535982513108e-15