position:
  x: 0.3710169916964714
  y: -0.85470023420677577
  z: 0.25800000000000001
orientation:
  x: 0.9669738597585138
  y: 0.25487556678450407
  z: 4.7415713080014181e-17
  w: 5.0825813661479293e-17