position:
  x: 0.74861784084574734
  y: 0.36878148935338884
  z: 0.27700000000000002
orientation:
  x: 0.62007255004543671
  y: -0.78454447463489885
  z: -4.8039493982518538e-17
  w: 3.7968493182614053e-17