position:
  x: -0.18885609248805252
  y: 0.53021973746278228
  z: 0.47499999999905784
orientation:
  x: 0.43092351464221024
  y: 0.90238845544942825
  z: 5.5255356677683314e-17
  w: 2.6386455144195518e-17