position:
  x: -0.40850618822397528
  y: 0.4095646199922654
  z: 0.27700000000033675
orientation:
  x: 0.97920800683797293
  y: -0.20285876698926347
  z: -1.2421516983619013e-17
  w: 5.9959197563679158e-17