position:
  x: 0.82246982244167355
  y: -0.57757877588242712
  z: 0.23999999999999999
orientation:
  x: -0.70713383210817182
  y: 0.7070797292300296
  z: -2.0034627486127518e-17
  w: 6.6559198332985827e-17