position:
  x: 0.0171561327721074
  y: 0.84831094584250399
  z: 0.22900000000000001
orientation:
  x: 0.45676124764336357
  y: 0.88958932246923794
  z: 1.4371712033883383e-15
  w: 7.3791815544129511e-16