position:
  x: 0.89664489937368419
  y: -0.2809710755154563
  z: 0.26000000000000001
orientation:
  x: 0.83881181846536212
  y: -0.54442146651544909
  z: -3.3336200317762636e-17
  w: 5.1362410428528819e-17