position:
  x: 0.92814640647958602
  y: 0.23259828106251601
  z: 0.309
orientation:
  x: 0.82572393098234809
  y: 0.5640744541308873
  z: 9.1128742394717808e-16
  w: 1.3339938166776801e-15