position:
  x: 0.41057890544711723
  y: -0.36674416321283265
  z: 0.27799999999999891
orientation:
  x: 0.405704812669682
  y: -0.91400416026222675
  z: 1.0084775399621927e-15
  w: 5.706741858270868e-15