position:
  x: -0.41687069370712793
  y: 0.50892655499845629
  z: 0.315
orientation:
  x: 0.1738105700722726
  y: 0.98477910504394417
  z: 6.0300328942963072e-17
  w: 1.064282791484927e-17