position:
  x: -0.360290451844474
  y: -0.71237389887480096
  z: 0.28900000000169401
orientation:
  x: -0.081373810549326825
  y: -0.99668365239763124
  z: 1.7011991531157236e-15
  w: -9.8327472205628215e-16