position:
  x: -0.20355383446418701
  y: 0.67199911553431502
  z: 0.27200000000000002
orientation:
  x: 0.082799860597934663
  y: 0.99656619603765539
  z: 1.6099971110715558e-15
  w: 1.3376686555276785e-16