position:
  x: 0.97934395885175796
  y: 0.251002594634259
  z: 0.23699999999999999
orientation:
  x: 0.82572393098235375
  y: 0.56407445413087898
  z: 9.1128742394716448e-16
  w: 1.3339938166776893e-15