position:
  x: -0.3519419499044063
  y: -0.61676027220029428
  z: 0.25400000000173817
orientation:
  x: 0.070554952161673776
  y: 0.99750789406674067
  z: 5.4105758496901891e-13
  w: -4.7004830931405514e-13