position:
  x: 0.93642604686807196
  y: 0.231802960303468
  z: 0.248
orientation:
  x: 0.62007255004543493
  y: -0.78454447463490029
  z: -1.2674665693974774e-15
  w: 1.001754843980481e-15