position:
  x: 0.52338969737134799
  y: -0.2171312454038283
  z: 0.27900000000000003
orientation:
  x: -0.92617952920774771
  y: -0.37708285518770912
  z: -6.831174226464478e-17
  w: 9.3925123618073498e-17