position:
  x: -0.2328528836943573
  y: -0.41962540877815802
  z: 0.39899999999969238
orientation:
  x: -0.53435301163218007
  y: 0.84526141456925574
  z: 1.0779311129759548e-13
  w: -4.5000302145264683e-13