position:
  x: -0.13800454264245862
  y: -0.62768034611453183
  z: 0.24200000000000749
orientation:
  x: 0.39932796075634647
  y: -0.91680814773767028
  z: -4.6450954329306222e-14
  w: 1.1815010208904291e-13