position:
  x: 0.142685627555869
  y: 0.77542279563587801
  z: 0.23400000000000001
orientation:
  x: 0.68407556971092265
  y: -0.72941114258330098
  z: -1.1783962139311259e-15
  w: 1.1051545751483618e-15