position:
  x: 0.61563736334986097
  y: -0.46178299546398749
  z: 0.31500000000000006
orientation:
  x: 0.061210832786000244
  y: -0.99812485889774549
  z: -6.1117520679926374e-17
  w: 3.7480825222259528e-18