position:
  x: -0.036441187668313606
  y: 0.81464532478534779
  z: 0.24299999999999999
orientation:
  x: 0.88958932246923761
  y: -0.45676124764336429
  z: -2.7968559995049881e-17
  w: 5.4471635815880724e-17