position:
  x: -0.39989288358366004
  y: 0.53426142894183082
  z: 0.47399999999966325
orientation:
  x: 0.70200919520252869
  y: 0.71216788038432199
  z: 4.3607705758410753e-17
  w: 4.2985665693839313e-17