position:
  x: -0.22499975843422701
  y: -0.39412386103409602
  z: 0.29100000000167403
orientation:
  x: -0.70607349440679246
  y: 0.70813856023816502
  z: -1.1846409597882556e-15
  w: 3.1966621209801135e-13