position:
  x: -0.3652574510152834
  y: 0.49397027089491075
  z: 0.40500000000033676
orientation:
  x: 0.065678463329682649
  y: 0.99784083873864948
  z: 6.1100129460989868e-17
  w: 4.0216459944806331e-18