position:
  x: -0.24175480496459173
  y: 0.58684937076074173
  z: 0.32999999999905794
orientation:
  x: 0.54604942287486313
  y: 0.83775296345523542
  z: 5.1297574258583182e-17
  w: 3.3435883894998029e-17