position:
  x: 0.16708734830699165
  y: -0.9822334096456552
  z: 0.25800000000000001
orientation:
  x: 0.99101647929572845
  y: -0.13373981368425414
  z: -8.1892017373492609e-18
  w: 6.0682257963589649e-17