position:
  x: 0.87018408776004696
  y: 0.36598791066731501
  z: 0.255
orientation:
  x: 0.82572393098235375
  y: 0.56407445413087898
  z: 9.1128742394716448e-16
  w: 1.3339938166776893e-15