position:
  x: 0.061990706063898796
  y: 0.45183232104698717
  z: 0.22299999999999998
orientation:
  x: 0.99290740725525406
  y: -0.11889020404410572
  z: -7.2799253916294889e-18
  w: 6.0798043907242218e-17