position:
  x: 0.78595639395643502
  y: -0.18380553787336301
  z: 0.253
orientation:
  x: 0.90422010006871434
  y: 0.42706675196241195
  z: 7.4943491327861581e-16
  w: 1.4327107306207953e-15