position:
  x: 0.80580751097786096
  y: 0.322335477110332
  z: 0.29999999999999999
orientation:
  x: 0.62007255004543493
  y: -0.78454447463490029
  z: -1.2674665693974774e-15
  w: 1.001754843980481e-15