position:
  x: 0.45100105553120901
  y: -0.57659403210521598
  z: 0.34399999999999203
orientation:
  x: -0.9030481817089302
  y: -0.42953926655452007
  z: 1.1867042022009953e-13
  w: -2.1462906870669755e-14