position:
  x: 0.62557692069095605
  y: 0.69485565969089402
  z: 0.22800000000000001
orientation:
  x: 1
  y: 0
  z: 0
  w: 1.6155445744325867e-15