position:
  x: -0.1306800199659203
  y: -0.34018817876032892
  z: 0.24099999999999999
orientation:
  x: 0.45790765659849536
  y: 0.88899976267065139
  z: 5.4435535689868494e-17
  w: 2.8038757297920636e-17