position:
  x: 0.91046355382554489
  y: -0.081079376790335222
  z: 0.23999999999999996
orientation:
  x: -0.84316036066770028
  y: 0.53766216734926919
  z: -9.6834937872096529e-17
  w: 2.742212194698742e-16