position:
  x: 0.44969127793352015
  y: -0.56939025531791754
  z: 0.32999999999999241
orientation:
  x: -0.9030481817089302
  y: -0.42953926655452007
  z: 1.178120283294225e-13
  w: -2.3267559661292169e-14