position:
  x: 0.94723433571702331
  y: 0.22512154909922391
  z: 0.27000000000000002
orientation:
  x: 0.8257239309823271
  y: 0.56407445413091795
  z: 3.4539598736610961e-17
  w: 5.0561008452843843e-17