position:
  x: 0.27533199411492998
  y: 0.60587925674031551
  z: 0.23999999999999999
orientation:
  x: 0.11889020404410819
  y: 0.99290740725525373
  z: 6.0798043907242194e-17
  w: 7.2799253916296399e-18