position:
  x: 0.49988791240638802
  y: -0.25600891235078599
  z: 0.33200000000000002
orientation:
  x: 0.79623317062026622
  y: -0.60498986603413285
  z: -9.7738809565814078e-16
  w: 1.2863501787788272e-15