position:
  x: -0.24477209094249247
  y: 0.50405459720059975
  z: 0.51300000000033674
orientation:
  x: 0.018794483449883055
  y: -0.9998233680965114
  z: -6.1221524372605926e-17
  w: 1.1508301999263593e-18