position:
  x: 0.38217458990729303
  y: -0.52647107989969499
  z: 0.23499999999999999
orientation:
  x: 0.81918672362854705
  y: -0.57352690593443512
  z: -9.2655828117348515e-16
  w: 1.323432666805306e-15