position:
  x: -0.1182268951935138
  y: 0.32227143587223622
  z: 0.2230000000010646
orientation:
  x: 0.70710678118654713
  y: 0.70710678118654802
  z: 4.3297802811774695e-17
  w: 4.329780281177464e-17