position:
  x: -0.31842605707397215
  y: 0.76699963356669676
  z: 0.26000000000029849
orientation:
  x: 1
  y: 0
  z: 0
  w: 6.123233995736766e-17