position:
  x: 0.74263290636430401
  y: -0.33166224850910703
  z: 0.28899999999999998
orientation:
  x: -0.94072587765468663
  y: -0.33916783914578269
  z: 3.003755998691487e-16
  w: 1.6090413448246533e-15