position:
  x: -0.21017006319484763
  y: -0.52157816394624179
  z: 0.27900000000000003
orientation:
  x: 0.79309294927492346
  y: 0.60910062699885947
  z: 3.7296656660639956e-17
  w: 4.8562937087793462e-17