position:
  x: 0.48339060710768972
  y: -0.38905977925609153
  z: 0.31500000000000006
orientation:
  x: 0.91633488457046053
  y: 0.40041276118430691
  z: 6.7011251062249615e-15
  w: -4.381996411776486e-16