position:
  x: -0.0074204521274582325
  y: 0.63479303995332248
  z: 0.22499999999999998
orientation:
  x: 0.68407556971092909
  y: -0.72941114258329498
  z: -4.4663551051352291e-17
  w: 4.188754784106957e-17