position:
  x: 0.31817625776495601
  y: -0.80567620594255995
  z: 0.217
orientation:
  x: 0.20793808343821668
  y: -0.97814199043699235
  z: -1.5802319856751741e-15
  w: 3.3593324251652148e-16