position:
  x: 0.18438590043690667
  y: 0.83791285883283839
  z: 0.27900000000000003
orientation:
  x: 0.6840755697109322
  y: -0.72941114258329198
  z: -4.4663551051352106e-17
  w: 4.1887547841069762e-17