position:
  x: 0.969354086902532
  y: -0.31392547966497197
  z: 0.217
orientation:
  x: 0.89052790321619146
  y: 0.45492862472411377
  z: 7.3495747142712035e-16
  w: 1.4386875224217458e-15