position:
  x: -0.2661592425398015
  y: 0.62463371335027351
  z: 0.52999999999905789
orientation:
  x: 0.410692852135632
  y: 0.91177375549239181
  z: 5.583004056051595e-17
  w: 2.5147684340029947e-17