position:
  x: -0.0483958412832858
  y: 0.59786417467294495
  z: 0.254
orientation:
  x: 0.70710678118655346
  y: 0.70710678118654158
  z: 1.1423625238904076e-15
  w: 1.1423625238904267e-15