position:
  x: -0.82299476245435199
  y: 0.22237554436413201
  z: 0.247
orientation:
  x: 1.6155445744325867e-15
  y: 1
  z: 1.6155445744325867e-15
  w: 2.6099842719785679e-30