position:
  x: 0.72323385776951798
  y: -0.079523969477811401
  z: 0.217
orientation:
  x: 0.45465307685527762
  y: -0.89066861385479901
  z: -1.4389148467305132e-15
  w: 7.3451231156262563e-16