position:
  x: 0.64224813226306665
  y: 0.38668083300786127
  z: 0.24299999999999997
orientation:
  x: 0.62007255004543671
  y: -0.78454447463489885
  z: -4.8039493982518538e-17
  w: 3.7968493182614053e-17