position:
  x: -0.055297693847475432
  y: 0.63796399577079776
  z: 0.2430000000002985
orientation:
  x: 6.123233995736766e-17
  y: 1
  z: 6.123233995736766e-17
  w: 3.749399456654644e-33