position:
  x: -0.48947914761809264
  y: 0.54938217244476151
  z: 0.26100000000000001
orientation:
  x: 0.48445430771466974
  y: -0.87481656576490374
  z: -5.3567065355253468e-17
  w: 2.9664270863795862e-17