position:
  x: 0.75523063163707305
  y: -0.64529880349843405
  z: 0.255
orientation:
  x: 0.57689017283544963
  y: -0.81682172380874207
  z: -1.3196119041778861e-15
  w: 9.3199178876778788e-16