position:
  x: 0.24470594739808604
  y: 0.34499382903241732
  z: 0.27900000000000003
orientation:
  x: 0.9920456356525692
  y: -0.12587873840601482
  z: -7.7078497034816519e-18
  w: 6.0745275615501019e-17