position:
  x: 0.90344225074793405
  y: 0.21409215676843901
  z: 0.28199999999999997
orientation:
  x: 0.62007255004543493
  y: -0.78454447463490029
  z: -1.2674665693974774e-15
  w: 1.001754843980481e-15