position:
  x: 0.93314794688095104
  y: -0.38675536186913201
  z: 0.23499999999999999
orientation:
  x: 0.82896957809694383
  y: -0.55929369618276126
  z: -9.3083326267328236e-16
  w: 1.3208390601447865e-15