position:
  x: -0.52478688655933037
  y: -0.8968244454357378
  z: 0.31400000000001149
orientation:
  x: 0.930966665151297
  y: -0.36510418838610004
  z: 1.7771823646594078e-14
  w: 3.613366906534178e-14