position:
  x: 0.22991946410100983
  y: 0.85429992731505622
  z: 0.27100000000000002
orientation:
  x: 0.68407556971094452
  y: -0.72941114258328044
  z: -4.4663551051351404e-17
  w: 4.1887547841070513e-17