position:
  x: -0.46547221463966371
  y: -0.93741119504366655
  z: 0.24299999999999997
orientation:
  x: 0.96198100386882002
  y: -0.27311636383698684
  z: -1.6723554038386493e-17
  w: 5.8904347861425399e-17