position:
  x: -0.22548815003009101
  y: -0.60646090113371298
  z: 0.261258246138447
orientation:
  x: 0.16950357910714717
  y: -0.98552957168715494
  z: -1.5921669524820542e-15
  w: 2.7384058757345638e-16