position:
  x: -0.63619384714667204
  y: -0.57376111097943405
  z: 0.34200000000000003
orientation:
  x: 0.74194212576542296
  y: -0.67046393043525121
  z: -1.0831643651674174e-15
  w: 1.1986405758233091e-15