position:
  x: -0.48829905480980346
  y: 0.48689016101501653
  z: 0.51200000000000001
orientation:
  x: 0.72027159026611209
  y: -0.69369217687352225
  z: -4.2476395200085932e-17
  w: 4.4103914876808401e-17