position:
  x: 0.25257992484499292
  y: 0.79365637176584136
  z: 0.21600000000000003
orientation:
  x: -0.72941114258329975
  y: -0.68407556971092398
  z: 4.1887547841069256e-17
  w: 4.4663551051352587e-17