position:
  x: 0.24616547991375956
  y: 0.43029779363692905
  z: 0.314
orientation:
  x: 0.12587873840601482
  y: 0.9920456356525692
  z: 6.0745275615501019e-17
  w: 7.7078497034816519e-18