position:
  x: -0.30718245467771027
  y: 0.64710931173297492
  z: 0.22299999999966325
orientation:
  x: 0.00057924430383036118
  y: 0.99999983223800415
  z: 6.1232329684908097e-17
  w: 3.5468484130509436e-20