position:
  x: 0.35641215987862701
  y: -0.69289420058527396
  z: 0.253
orientation:
  x: 0.40288108339211937
  y: -0.9152523327721116
  z: -5.3766982332918999e-16
  w: 2.7885176561539992e-15