position:
  x: -0.10640402566279493
  y: -0.83937133876452152
  z: 0.245
orientation:
  x: 0.9792207102959527
  y: 0.20279743718176005
  z: 1.2417761615996445e-17
  w: 5.9959975426136803e-17