position:
  x: -0.30507225020050077
  y: -0.43489714418652775
  z: 0.24300000000000008
orientation:
  x: 0.8952467365984722
  y: -0.44557073580946227
  z: 5.087692938787358e-16
  w: 1.5617460707264408e-15