position:
  x: 0.48699311293829595
  y: -0.49375212567711269
  z: 0.24299999999999999
orientation:
  x: 0.68994411604908867
  y: -0.72386263664402628
  z: 4.4323803049423518e-17
  w: -4.2246892665503321e-17