position:
  x: 0.44395709034561998
  y: -0.054925588140137697
  z: 0.314
orientation:
  x: 0.79623317062026622
  y: -0.60498986603413285
  z: -9.7738809565814078e-16
  w: 1.2863501787788272e-15