position:
  x: 0.88512150698000414
  y: 0.31440747306653172
  z: 0.24099999999999999
orientation:
  x: 0.62007255004541495
  y: -0.78454447463491606
  z: -4.8039493982519592e-17
  w: 3.7968493182612722e-17