position:
  x: -0.2714707714594245
  y: 0.76415579296029168
  z: 0.2430000000002985
orientation:
  x: 1
  y: 0
  z: 0
  w: 6.123233995736766e-17