position:
  x: 0.2282259922529446
  y: -0.29535796633220712
  z: 0.24099999999999999
orientation:
  x: -0.832502582643733
  y: -0.55402116375777066
  z: 1.2955583643805624e-16
  w: 2.5405358976271981e-16