position:
  x: -0.2356756749131188
  y: -0.24931085427253308
  z: 0.29699999999999943
orientation:
  x: -0.32047580125163816
  y: -0.94725670270107909
  z: 1.6834183080584606e-14
  w: -1.1459857912526259e-14