position:
  x: -0.58600068182503995
  y: -0.67751286024011004
  z: 0.27725824613844702
orientation:
  x: 0.46409348349550716
  y: 0.88578622622899561
  z: 1.4310271318913698e-15
  w: 7.4976370929068586e-16