position:
  x: -0.39042605707397099
  y: 0.684705215772478
  z: 0.28300000000029901
orientation:
  x: 1
  y: 0
  z: 0
  w: 1.6155445744325867e-15