position:
  x: 0.96602027094160792
  y: 0.16049676356166004
  z: 0.29100000000000004
orientation:
  x: 0.8257239309823271
  y: 0.56407445413091795
  z: 3.4539598736610961e-17
  w: 5.0561008452843843e-17