position:
  x: -0.26319029320515502
  y: -0.80646610340898695
  z: 0.270000000001694
orientation:
  x: 0.999914178468161
  y: 0.013100980816053634
  z: -1.1040547705881967e-16
  w: 1.6171297790243399e-15