position:
  x: 0.3388567798794872
  y: -0.74444038196214135
  z: 0.31399999999999983
orientation:
  x: -0.31567705845485072
  y: 0.94886668966999399
  z: 2.0588456049400962e-16
  w: 2.2196055507079441e-15