position:
  x: 0.067796535402320404
  y: 0.89922906446446704
  z: 0.246
orientation:
  x: 0.45676124764336357
  y: 0.88958932246923794
  z: 1.4371712033883383e-15
  w: 7.3791815544129511e-16