position:
  x: -0.62187659856109001
  y: -0.70963434381900803
  z: 0.26500000000000001
orientation:
  x: 0.72559382012749507
  y: -0.68812325072823133
  z: -1.1116937842549087e-15
  w: 1.1722291593487889e-15