position:
  x: -0.38597792753471261
  y: 0.65079870015756669
  z: 0.29700000000000004
orientation:
  x: 0.12806967081519219
  y: -0.9917651735251084
  z: -6.0728102263167168e-17
  w: 7.8420056215840159e-18