position:
  x: 0.91617133636165149
  y: -0.56041826356387459
  z: 0.29399999999999998
orientation:
  x: 0.93757221194968166
  y: 0.34779066603314873
  z: 1.4466365193568446e-16
  w: 1.1646753136124727e-17