position:
  x: -0.400782897513206
  y: -0.25904229039641602
  z: 0.25500000000169398
orientation:
  x: -0.4096385846018053
  y: -0.91224789942505735
  z: 1.4603018796122005e-15
  w: 6.9179824089413897e-16