position:
  x: 0.50064704964144902
  y: -0.32887010445128101
  z: 0.27300000000000002
orientation:
  x: 0.92066469041857879
  y: 0.39035436185146249
  z: 6.3063487139522492e-16
  w: 1.4873748454773921e-15