position:
  x: -0.33440959806638021
  y: -0.87922490557095589
  z: 0.26299999999999413
orientation:
  x: -0.99803125548647631
  y: 0.062718522559828932
  z: 2.9316269559659046e-14
  w: 3.4386115248496314e-14