position:
  x: -0.22674971816387099
  y: -0.40288284621838599
  z: 0.217000000001694
orientation:
  x: 0.67693360481046272
  y: -0.73604408473834793
  z: -1.1891120276422371e-15
  w: 1.0936164125026358e-15