position:
  x: -0.21517048316791468
  y: -0.53479922034739247
  z: 0.26099999999999995
orientation:
  x: -0.8076580151081677
  y: -0.58965119403892907
  z: 7.6247177898487734e-18
  w: 3.4517210962868777e-16