position:
  x: 0.84959428522647529
  y: -0.66127602666766006
  z: 0.29499999999999998
orientation:
  x: 0.98291214712840291
  y: 0.18407528630273209
  z: 1.4060489495909168e-16
  w: 3.5965018608717291e-17