position:
  x: 0.10180032819969601
  y: 0.31697085553535398
  z: 0.27300000000000002
orientation:
  x: 0.9929074072552545
  y: -0.11889020404410164
  z: -1.9207242409663159e-16
  w: 1.6040861747051533e-15