position:
  x: -0.30767479531926939
  y: -0.75604675789377751
  z: 0.29399999999999982
orientation:
  x: -0.97576846219241187
  y: 0.21880564021673571
  z: -1.8942129151176637e-15
  w: 1.2309068712210702e-15