position:
  x: 0.49746773987349202
  y: -0.058035364758784097
  z: 0.25200000000001099
orientation:
  x: 0.36477065441111212
  y: -0.9310974007484335
  z: 5.7916690888267348e-14
  w: 5.3636927275305338e-13