position:
  x: -0.500326677955935
  y: 0.82099963356669658
  z: 0.26100000000029849
orientation:
  x: 0.70710678118655201
  y: 0.70710678118654302
  z: 4.3297802811774387e-17
  w: 4.3297802811774942e-17