position:
  x: 0.66064481075270898
  y: 0.60785565969089395
  z: 0.28500000000000003
orientation:
  x: 1
  y: 0
  z: 0
  w: 1.6155445744325867e-15