position:
  x: -0.44769403034302302
  y: -0.51265462124037897
  z: 0.28299999999999997
orientation:
  x: -0.0024196634050294946
  y: -0.99999707261021842
  z: 1.609808930919147e-15
  w: 2.37237792650112e-15