position:
  x: -0.18305564413590303
  y: -0.66702046436292295
  z: 0.315
orientation:
  x: 0.22959198274946196
  y: -0.97328696768074052
  z: -5.9596638481102609e-17
  w: 1.4058454339201146e-17