position:
  x: 0.84203135673084895
  y: 0.35024326731487598
  z: 0.27300000000000002
orientation:
  x: 0.82572393098232832
  y: 0.56407445413091617
  z: 9.1128742394722463e-16
  w: 1.3339938166776483e-15