position:
  x: -0.29331060405143394
  y: -0.49108286944834145
  z: 0.315
orientation:
  x: 0.62775567732784354
  y: -0.7784104377400527
  z: -4.766389255006228e-17
  w: 3.8438949044306113e-17