position:
  x: -0.32034120404395267
  y: 0.33094942211642464
  z: 0.24100000000169394
orientation:
  x: 6.123233995736766e-17
  y: 1
  z: 6.123233995736766e-17
  w: 3.749399456654644e-33