position:
  x: 0.064974137750378066
  y: -0.33807476730400304
  z: 0.24099999999999999
orientation:
  x: -0.59557014272023556
  y: 0.80330330828411156
  z: -2.0796573112606054e-16
  w: 1.9513635208154274e-16