position:
  x: -0.68506544136394676
  y: -0.43347189364784511
  z: 0.24199999999999997
orientation:
  x: 0.99682145629700736
  y: -0.079667962606769047
  z: -4.8782557700485372e-18
  w: 6.1037710288776667e-17