position:
  x: 0.51352418267785505
  y: 0.78685565969089399
  z: 0.249
orientation:
  x: 1
  y: 0
  z: 0
  w: 1.6155445744325867e-15