position:
  x: -0.42708361511718607
  y: 0.41699117084300924
  z: 0.26000000000033674
orientation:
  x: 0.96114965210677872
  y: -0.27602779978657616
  z: -1.6901828074215848e-17
  w: 5.8853442247707929e-17