position:
  x: 0.60909230237665568
  y: -0.78331231421201641
  z: 0.33299999999999952
orientation:
  x: -0.97174993414848287
  y: -0.23601285024849653
  z: -8.1926549676926515e-17
  w: 5.7954037182604106e-15