position:
  x: -0.3193589682752237
  y: -0.19260075038528079
  z: 0.22199999999999892
orientation:
  x: -0.34522112153981116
  y: -0.93852137814905146
  z: 1.1436679266085618e-14
  w: -5.1866798917465721e-15