position:
  x: 0.027768421709817501
  y: 0.41934338617032801
  z: 0.23699999999999999
orientation:
  x: 0.99290740725525439
  y: -0.11889020404410312
  z: -1.9207242409663398e-16
  w: 1.6040861747051531e-15