position:
  x: 0.068060510833924795
  y: 0.90192626630848505
  z: 0.30299999999999999
orientation:
  x: 0.45676124764336357
  y: 0.88958932246923794
  z: 1.4371712033883383e-15
  w: 7.3791815544129511e-16