position:
  x: -0.29229110676706477
  y: -0.46911138041894379
  z: 0.3299999999999999
orientation:
  x: -0.71158991929112103
  y: 0.70259503753104868
  z: -4.2881769308605813e-17
  w: 9.7983068269188693e-16