position:
  x: -0.74019092903307304
  y: 0.24575402846543601
  z: 0.23399999999999974
orientation:
  x: 1
  y: -1.1546319456101628e-14
  z: 1.8851440901166276e-29
  w: -1.6155445744325867e-15