position:
  x: 0.74490840678462411
  y: -0.74432203626631899
  z: 0.35100000000000009
orientation:
  x: 0.99993140850799578
  y: 0.011712313145386739
  z: -5.8876050385943457e-16
  w: 2.9019259701443414e-16