position:
  x: -0.57874375518644727
  y: 0.81051571320580917
  z: 0.2430000000002985
orientation:
  x: 1
  y: 0
  z: 0
  w: 6.123233995736766e-17