position:
  x: -0.62839764604358395
  y: -0.65565932743351996
  z: 0.27200000000169372
orientation:
  x: -0.48787445766563703
  y: -0.87291380648805217
  z: 1.4102311640190696e-15
  w: 7.8818293308596084e-16