position:
  x: -0.48167516858024734
  y: 0.12695107843270337
  z: 0.27900000000169395
orientation:
  x: 1
  y: -7.1054273576010019e-15
  z: -4.3508194350300514e-31
  w: 6.123233995736766e-17