position:
  x: -0.61600068182503998
  y: -0.67751286024011004
  z: 0.29000000000169401
orientation:
  x: 0.46409348349550716
  y: 0.88578622622899561
  z: 1.4310271318913698e-15
  w: 7.4976370929068586e-16