position:
  x: 0.61595676808955291
  y: -0.46048179795220695
  z: 0.26099999999999995
orientation:
  x: -0.64424999644634062
  y: 0.76481497244685925
  z: -2.1665444879506244e-16
  w: 1.8250117073381576e-16