position:
  x: -0.046968413175157944
  y: 0.4400132060655102
  z: 0.27700000000190877
orientation:
  x: 0.70710678118654724
  y: 0.70710678118654779
  z: 4.3297802811774683e-17
  w: 4.3297802811774646e-17