position:
  x: -0.49441003903177749
  y: -0.79245016020205561
  z: 0.24200000000000008
orientation:
  x: 0.46091534447394367
  y: 0.88744410822792996
  z: 1.0245477921254347e-15
  w: -3.9456865380508144e-16