position:
  x: 0.14943301929014405
  y: -0.59186347908414372
  z: 0.26100000000000001
orientation:
  x: 0.37512586582919877
  y: -0.92697388570870431
  z: -5.6760780101317453e-17
  w: 2.2969834543255387e-17