position:
  x: 0.58138169868326905
  y: -0.0451151002813494
  z: 0.23599999999999999
orientation:
  x: 0.93305069476047031
  y: 0.35974491102307993
  z: 5.8118393918307043e-16
  w: 1.5073849875908333e-15