position:
  x: 0.48392914423400302
  y: -0.102073754458209
  z: 0.23400000000006899
orientation:
  x: 0.78234568434812513
  y: -0.62284446708778252
  z: -3.9684905287526721e-13
  w: 9.1307352888150149e-13