position:
  x: 0.72944854231470746
  y: -0.75086627580900256
  z: 0.33300000000001007
orientation:
  x: 0.89834133957421625
  y: 0.4392981192903091
  z: 1.7965100181348055e-13
  w: 2.0338530764148124e-13