position:
  x: -0.26480608590496812
  y: -0.67958898749293728
  z: 0.33099999999999996
orientation:
  x: 0.11074076164857992
  y: 0.99384932646226232
  z: 6.0855719824338116e-17
  w: 6.7809159644036683e-18