position:
  x: 0.37921002060673409
  y: -0.52761578165268808
  z: 0.31200000000000011
orientation:
  x: 0.82065172877146531
  y: -0.57142868327062935
  z: -5.9921955089550483e-16
  w: 1.5513686145281879e-15