position:
  x: -0.53789552525312556
  y: 0.36006871777663213
  z: 0.27900000000134495
orientation:
  x: 0.70710678118654713
  y: 0.70710678118654791
  z: 4.3297802811774689e-17
  w: 4.329780281177464e-17