position:
  x: -0.21678101764543384
  y: 0.56179922058868059
  z: 0.45699999999939467
orientation:
  x: 0.44220230245179243
  y: 0.89691533809291801
  z: 5.4920224895082908e-17
  w: 2.707708171365887e-17