position:
  x: -0.18931162130151916
  y: 0.53894220171664808
  z: 0.51099999999905787
orientation:
  x: 0.41069285213562778
  y: 0.9117737554923937
  z: 5.5830040560516074e-17
  w: 2.5147684340029689e-17