position:
  x: 0.81865670535139745
  y: 0.30686406983306713
  z: 0.28900000000000003
orientation:
  x: 0.56407445413087842
  y: -0.82572393098235408
  z: -5.0561008452845495e-17
  w: 3.4539598736608539e-17