position:
  x: 0.57571656714376163
  y: -0.70306638461206405
  z: 0.24099999999999999
orientation:
  x: 0.2684226913688062
  y: -0.96330122950109776
  z: -5.8985188366161461e-17
  w: 1.643614949016632e-17