position:
  x: -0.78559227681566568
  y: -0.29541207925155849
  z: 0.26000000000000073
orientation:
  x: 0.29213349119124621
  y: 0.95637755270835068
  z: 9.9357812744455015e-15
  w: -2.6747575030845078e-15