position:
  x: -0.473675168580247
  y: 0.1349510784327026
  z: 0.24100000000169394
orientation:
  x: 0.70710678118654813
  y: 0.70710678118654691
  z: 4.3297802811774627e-17
  w: 4.3297802811774701e-17