position:
  x: 0.067455737509542035
  y: 0.72409056993321785
  z: 0.26100000000000001
orientation:
  x: 0.68407556971093419
  y: -0.7294111425832901
  z: -4.4663551051351996e-17
  w: 4.1887547841069885e-17