position:
  x: 0.11689525256971568
  y: 0.77707887835353928
  z: 0.24099999999999999
orientation:
  x: 0.6840755697109322
  y: -0.72941114258329198
  z: -4.4663551051352106e-17
  w: 4.1887547841069762e-17