position:
  x: 0.55461839702936888
  y: 0.82610415667441806
  z: 0.26000000000000001
orientation:
  x: 0.031622308443339568
  y: -0.99949988974922566
  z: -6.120171703647608e-17
  w: 1.9363079408393061e-18