position:
  x: -0.74543049461108601
  y: 0.58363443719027697
  z: 0.252
orientation:
  x: 1.6714577709334716e-14
  y: 1
  z: 1.6155445744325867e-15
  w: 2.7003145332247554e-29