position:
  x: 0.7119690676495305
  y: -0.16451203471151124
  z: 0.28900000000000003
orientation:
  x: -0.40546854112523306
  y: 0.91410899905742926
  z: -1.3600156812053431e-16
  w: -1.5559263160702126e-16