position:
  x: 0.14850435806556433
  y: 0.93931294572608748
  z: 0.21600000000000003
orientation:
  x: 0.88958932246923872
  y: -0.45676124764336212
  z: 2.7968559995049758e-17
  w: -5.4471635815880792e-17