position:
  x: 0.45748965270061098
  y: -0.53773623044591501
  z: 0.253
orientation:
  x: 0.90630569804914562
  y: 0.42262274155995316
  z: 5.9332574797472899e-16
  w: 1.5058844086748635e-15