position:
  x: 0.31317465623197094
  y: 0.17859404325814965
  z: 0.22199999999999998
orientation:
  x: 0.31552907983367234
  y: -0.9489159076437258
  z: -5.8104341447794711e-17
  w: 1.9320583882810824e-17