position:
  x: -0.21384380250026583
  y: -0.53210851070009269
  z: 0.23999999999999996
orientation:
  x: -0.80765801510818358
  y: -0.5896511940389072
  z: 7.624717789839455e-18
  w: 3.4517210962868792e-16