position:
  x: 0.87101595943548304
  y: 0.27664461395245998
  z: 0.28299999999999997
orientation:
  x: 0.62007255004541528
  y: -0.78454447463491572
  z: -1.2674665693975022e-15
  w: 1.0017548439804492e-15