position:
  x: 0.40517682730737692
  y: -0.784137973601298
  z: 0.35100000000000009
orientation:
  x: 0.93381102328300958
  y: 0.35776664572754469
  z: -2.5044086471324786e-15
  w: 1.7384245799978264e-15