position:
  x: 0.21097087410473567
  y: 0.74713439142059701
  z: 0.21600000000000003
orientation:
  x: -0.72941114258329975
  y: -0.68407556971092398
  z: 4.1887547841069256e-17
  w: 4.4663551051352587e-17