position:
  x: 0.49319472773984341
  y: -0.050363356100648939
  z: 0.27900000000001057
orientation:
  x: 0.36477065441111356
  y: -0.93109740074843295
  z: 5.9157161815243819e-14
  w: 5.35883300617972e-13