position:
  x: -0.40926464800696788
  y: 0.49845679032262313
  z: 0.47499999999999998
orientation:
  x: 0.007183275180001023
  y: -0.99997419994602277
  z: -6.1230760159691612e-17
  w: 4.39848747829144e-19