position:
  x: -0.30665569725863989
  y: -0.45267429273614146
  z: 0.27900000000000003
orientation:
  x: 0.48721474054354735
  y: 0.87328219757251657
  z: 5.3473112400477447e-17
  w: 2.9833298625203172e-17