position:
  x: 0.80843535216825035
  y: -0.25366756327175616
  z: 0.29700000000000004
orientation:
  x: 0.62054611061012188
  y: 0.78416995900547626
  z: 4.8016561514178385e-17
  w: 3.7997490404101256e-17