position:
  x: -0.620155090616201
  y: -0.80618711270455501
  z: 0.273000000001694
orientation:
  x: 0.92493578038255553
  y: -0.38012340386789251
  z: -7.3581119158462494e-16
  w: 1.4442575884899169e-15