position:
  x: 0.43492602472987529
  y: 0.15616349510222399
  z: 0.22199999999999998
orientation:
  x: 0.31552907983368311
  y: -0.94891590764372225
  z: -5.8104341447794489e-17
  w: 1.9320583882811483e-17