position:
  x: 0.27675037254301099
  y: -0.27572647047630899
  z: 0.27000000000000002
orientation:
  x: -0.8524310858260612
  y: -0.52283959673823699
  z: 7.3250609681457272e-16
  w: 1.4459366893821373e-15