position:
  x: 0.64327324366129501
  y: -0.49364345179713598
  z: 0.253
orientation:
  x: -0.98587865615745318
  y: -0.16746126517249929
  z: -3.1321629285095856e-16
  w: 1.6918879019119927e-15