position:
  x: -0.25919845977001987
  y: 0.4592614227591274
  z: 0.33200000000033675
orientation:
  x: 0.14796027702343292
  y: 0.98899330453908985
  z: 6.055837423909799e-17
  w: 9.0599539828851392e-18