position:
  x: 0.75292041206594362
  y: -0.64338493685387144
  z: 0.24099999999999999
orientation:
  x: 0.57689017283544886
  y: -0.81682172380874274
  z: -5.0015905476820011e-17
  w: 3.532433518112479e-17