position:
  x: 0.75135039931579117
  y: 0.37001968328318824
  z: 0.29700000000000004
orientation:
  x: 0.62007255004543671
  y: -0.78454447463489885
  z: -4.8039493982518538e-17
  w: 3.7968493182614053e-17