position:
  x: -0.233917189290195
  y: -0.53967016147525804
  z: 0.27800000000000002
orientation:
  x: 0.38268343236508734
  y: 0.92387953251128774
  z: 1.4925685661779255e-15
  w: 6.1824214288265658e-16