position:
  x: 0.2358324998508563
  y: -0.30272145345046236
  z: 0.255
orientation:
  x: -0.832502582643733
  y: -0.55402116375777066
  z: 1.2955583643805622e-16
  w: 2.5405358976271981e-16