position:
  x: 0.34909514865548502
  y: -0.25901088819503498
  z: 0.216
orientation:
  x: 0.76091700381283289
  y: -0.64884922232249098
  z: -1.0482448407479036e-15
  w: 1.229295337103322e-15