position:
  x: 0.46871819832623746
  y: -0.44936166685937001
  z: 0.222
orientation:
  x: 0.91238297233266152
  y: 0.40933765010980583
  z: 2.5064702148873646e-17
  w: 5.5867344333187099e-17