position:
  x: 0.26415110581589002
  y: 0.99940600793924705
  z: 0.23599999999999999
orientation:
  x: 0.45676124764336357
  y: 0.88958932246923794
  z: 1.4371712033883383e-15
  w: 7.3791815544129511e-16