position:
  x: 0.338664429820421
  y: 0.32362415265192102
  z: 0.27800000000000002
orientation:
  x: 0.79623317062026921
  y: -0.60498986603412885
  z: -9.7738809565813427e-16
  w: 1.2863501787788321e-15