position:
  x: -0.024407339306441862
  y: 0.82868527183989582
  z: 0.25600000000000001
orientation:
  x: 0.88958932246923783
  y: -0.4567612476433639
  z: -2.7968559995049856e-17
  w: 5.4471635815880737e-17