position:
  x: -0.41430579800869144
  y: -0.36426778184629399
  z: 0.27900000000000003
orientation:
  x: -0.97820369065976476
  y: 0.2076476332145763
  z: 1.1599923591907204e-16
  w: 8.7220389337436768e-17