position:
  x: 0.54560621432087764
  y: -0.56526014542491676
  z: 0.26000000000000001
orientation:
  x: 0.70710678118653825
  y: -0.7071067811865569
  z: -4.3297802811775237e-17
  w: 4.3297802811774097e-17