position:
  x: 0.62108172846859666
  y: -0.45932164740753906
  z: 0.31199999999999994
orientation:
  x: -0.64942191468585186
  y: 0.76042828506425386
  z: -2.5608245954734053e-16
  w: 4.7825488674655041e-16