position:
  x: -0.62833276285862905
  y: -0.19318914544274399
  z: 0.23700000000169399
orientation:
  x: 0.96086805798848718
  y: -0.27700645324149631
  z: -4.4751627261711341e-16
  w: 1.5523251778288765e-15