position:
  x: -0.44940856764586801
  y: -0.34549392180282401
  z: 0.32700000000169399
orientation:
  x: 0.84891152425241923
  y: -0.52853497896679869
  z: -8.5387181766765294e-16
  w: 1.3714544071792932e-15