position:
  x: 0.41080737476157986
  y: 0.14296402905812292
  z: 0.25900000000000001
orientation:
  x: 0.31552907983368311
  y: -0.94891590764372225
  z: -5.8104341447794489e-17
  w: 1.9320583882811483e-17