position:
  x: -0.75630356785133301
  y: -0.574409853677047
  z: 0.272000000001694
orientation:
  x: 0.77749541977395742
  y: -0.62888860081139797
  z: -1.0159975669633549e-15
  w: 1.2560785070620035e-15