position:
  x: 0.286025508310702
  y: 0.48081580574321398
  z: 0.28899999999999998
orientation:
  x: 0.12587873840602209
  y: 0.99204563565256831
  z: 1.6026939442680334e-15
  w: 2.0336271286826788e-16