position:
  x: 0.40782846384620097
  y: -0.79402492287319304
  z: 0.32400000000000001
orientation:
  x: 0.93381102328300958
  y: 0.35776664572754469
  z: -2.1866480331087727e-15
  w: 2.5678153789558866e-15