position:
  x: -0.30600028067457657
  y: 0.46853161083472034
  z: 0.29399999999999998
orientation:
  x: 0.17381057007226428
  y: 0.98477910504394561
  z: 6.0300328942963159e-17
  w: 1.064282791484876e-17