position:
  x: -0.58042605707397099
  y: 0.802705215772478
  z: 0.22800000000029899
orientation:
  x: 1
  y: 0
  z: 0
  w: 1.6155445744325867e-15