position:
  x: 0.84877743379649573
  y: 0.36046005655795998
  z: 0.23999999999999999
orientation:
  x: 0.62007255004541495
  y: -0.78454447463491606
  z: -4.8039493982519592e-17
  w: 3.7968493182612722e-17