position:
  x: -0.44872287074693284
  y: -0.45380888395424407
  z: 0.27599999999999913
orientation:
  x: -0.99192631131301812
  y: 0.12681558628555645
  z: 7.0707384196120126e-15
  w: 9.0243779737672523e-15