position:
  x: -0.30169087545377199
  y: -0.50318403541393997
  z: 0.380999999999663
orientation:
  x: 0.22856414045887119
  y: -0.97352885611896345
  z: -1.5727792615565537e-15
  w: 3.6925555702817704e-16