position:
  x: -0.036438745093312776
  y: 0.81164532577970994
  z: 0.23999999999999999
orientation:
  x: 0.88958932246923761
  y: -0.45676124764336429
  z: -2.7968559995049881e-17
  w: 5.4471635815880724e-17