position:
  x: -0.46242605707397089
  y: 0.69499963356669725
  z: 0.31500000000029854
orientation:
  x: 1
  y: 0
  z: 0
  w: 6.123233995736766e-17