position:
  x: 0.44786512686593616
  y: -0.56701009308009376
  z: 0.34999999999999243
orientation:
  x: -0.90304818170893009
  y: -0.42953926655452018
  z: 1.1781202832942245e-13
  w: -2.3267559661292172e-14