position:
  x: 0.49822193145400201
  y: -0.25001935282645998
  z: 0.23599999999999999
orientation:
  x: 0.79623317062026921
  y: -0.60498986603412885
  z: -9.7738809565813427e-16
  w: 1.2863501787788321e-15