position:
  x: 0.755610018905991
  y: -0.73593791409750609
  z: 0.315
orientation:
  x: 0.99967021269987477
  y: 0.025680066989538973
  z: 1.5724505920314254e-18
  w: 6.1212146309292766e-17