position:
  x: 0.33584101501087799
  y: 0.41942872590302999
  z: 0.27300000000000002
orientation:
  x: 0.99204563565256831
  y: -0.12587873840602204
  z: -2.0336271286826778e-16
  w: 1.6026939442680334e-15