position:
  x: 0.88620259430133974
  y: -0.36800026220130944
  z: 0.22299999999999998
orientation:
  x: 0.43499569163006324
  y: -0.90043253398757361
  z: -5.513559102980112e-17
  w: 2.6635804069882303e-17