position:
  x: -0.42832450187430487
  y: -0.365720221651821
  z: 0.26100000000000001
orientation:
  x: 0.12213880208685407
  y: 0.99251302914611061
  z: 6.0773895212791397e-17
  w: 7.4788446513678951e-18