position:
  x: -0.45085371493405402
  y: -0.687370217886906
  z: 0.30700000000168998
orientation:
  x: -0.2049017981512303
  y: -0.97878253617154021
  z: 4.9194112074704087e-14
  w: -3.2048348913956102e-14