position:
  x: 0.921207638718894
  y: -0.55113579967366499
  z: 0.27300000000000002
orientation:
  x: 0.93468830540959358
  y: 0.35546838358782679
  z: 2.3883501643635409e-15
  w: 8.201253804375358e-16