position:
  x: 0.85434965459403323
  y: 0.22917568435598076
  z: 0.32700000000000001
orientation:
  x: 0.56407445413088697
  y: -0.82572393098234831
  z: -5.0561008452845143e-17
  w: 3.4539598736609062e-17