position:
  x: 0.84874085636224095
  y: 0.111754039764404
  z: 0.27700000000000002
orientation:
  x: 1.1607551796058996e-14
  y: 1
  z: 1.6155445744325867e-15
  w: 1.8752517326568338e-29