position:
  x: -0.3522765136644348
  y: 0.37845831426899873
  z: 0.25900000000000001
orientation:
  x: 0.97169640574102756
  y: -0.23623313711240521
  z: -1.4465107760862244e-17
  w: 5.9499244651686855e-17