position:
  x: 0.83467188625197397
  y: 0.32269719744388498
  z: 0.30299999999999999
orientation:
  x: 0.62007255004543493
  y: -0.78454447463490029
  z: -1.2674665693974774e-15
  w: 1.001754843980481e-15