position:
  x: -0.26156658646956499
  y: -0.48148748868466401
  z: 0.25500000000169298
orientation:
  x: -0.39902375031741372
  y: 0.91694059059604638
  z: -6.5743491757815002e-15
  w: 1.3982285955648273e-14