position:
  x: 0.56471978475586471
  y: -0.48523894004451762
  z: 0.24099999999999999
orientation:
  x: 0.85190319706028494
  y: 0.52369928665071264
  z: 3.2067332755627371e-17
  w: 5.2164026173163742e-17