position:
  x: -0.035286609438500302
  y: -0.53415421719891598
  z: 0.217000000001694
orientation:
  x: 0.90265634646071657
  y: 0.43036208033955631
  z: 6.9526912393409116e-16
  w: 1.458281563101752e-15