position:
  x: -0.76113823281253401
  y: -0.54929511035188305
  z: 0.25400000000169398
orientation:
  x: 0.75164212220301929
  y: -0.65957116381035141
  z: -1.1397435387324806e-15
  w: 1.1492205886675444e-15