position:
  x: 0.29881123464993731
  y: -0.82048561704546663
  z: 0.33300000000000002
orientation:
  x: 0.69101120128239091
  y: -0.72284404936491453
  z: -4.4261432566872698e-17
  w: 4.2312232791272372e-17