position:
  x: 0.25236162173731402
  y: -0.20181349949850899
  z: 0.254
orientation:
  x: -0.43883213339139948
  y: 0.89856906173268225
  z: -1.4228071701574957e-15
  w: 7.680706239827939e-16