position:
  x: 0.7579650209101948
  y: -0.11120936630806424
  z: 0.222
orientation:
  x: 0.44097022882956022
  y: -0.89752173081547459
  z: -5.4957355740418164e-17
  w: 2.700163896276984e-17