position:
  x: 0.14637050901720305
  y: -0.90833257166545178
  z: 0.24000000000001376
orientation:
  x: 0.37201991843357546
  y: -0.92822474664742471
  z: -1.1280443681299987e-13
  w: 8.4583388733707663e-14