position:
  x: 0.63822481277099974
  y: 0.19823770924906581
  z: 0.255
orientation:
  x: 0.54277207415142137
  y: -0.83988003638696163
  z: -5.1427819911452757e-17
  w: 3.32352041638054e-17