position:
  x: -0.091095509465584451
  y: -1.0045422388623668
  z: 0.22500000000000001
orientation:
  x: -0.99918568777448158
  y: -0.040348003006792289
  z: -3.0398107183824913e-17
  w: 6.2509745327255434e-17