position:
  x: 0.92667924376430588
  y: -0.53148865302323445
  z: 0.223
orientation:
  x: 0.92819685866527002
  y: 0.3720894940251937
  z: 2.2783910392715582e-17
  w: 5.6835665597152551e-17