position:
  x: -0.42857744720265201
  y: -0.51335070179452003
  z: 0.248
orientation:
  x: 0.027777322451509021
  y: 0.99961413573309621
  z: 1.6149211935097228e-15
  w: 4.4875502578799881e-17