position:
  x: 0.97983496497894318
  y: -0.20584109863276123
  z: 0.223
orientation:
  x: 0.88697154419196134
  y: 0.46182407883709087
  z: 2.827856899585091e-17
  w: 5.4311343126473531e-17