position:
  x: 0.67538390361973577
  y: -0.6908136196480148
  z: 0.25799999999999967
orientation:
  x: 0.11943465450377357
  y: 0.99284206362520933
  z: 3.9124174608719487e-15
  w: -9.7010790659678815e-15