position:
  x: 0.6010133949265366
  y: 0.61925682384861791
  z: 0.22299999999999998
orientation:
  x: 0.031622308443339568
  y: -0.99949988974922566
  z: -6.120171703647608e-17
  w: 1.9363079408393061e-18