position:
  x: 0.86071652678416233
  y: 0.30186018490771094
  z: 0.27299999999999974
orientation:
  x: 0.56407445413091617
  y: -0.82572393098232832
  z: 1.3339938166776483e-15
  w: -9.1128742394722463e-16