position:
  x: -0.77134208460905884
  y: 0.43056842920049332
  z: 0.27800000000029851
orientation:
  x: 0.70710678118654302
  y: 0.70710678118655201
  z: 4.3297802811774942e-17
  w: 4.3297802811774387e-17