position:
  x: 0.50895555226220057
  y: -0.53732725292931371
  z: 0.27900000000000003
orientation:
  x: 0.87357791753951008
  y: -0.48668431450718957
  z: -2.9800819397822676e-17
  w: 5.3491220026028574e-17