position:
  x: -0.35278526202236188
  y: 0.59755690494902913
  z: 0.42099999999939464
orientation:
  x: 0.88418684537755088
  y: -0.4671334097035823
  z: -2.8603671748414058e-17
  w: 5.414082950199067e-17