position:
  x: 0.80913171735397615
  y: 0.39260765540638659
  z: 0.24099999999999999
orientation:
  x: 0.62007255004543671
  y: -0.78454447463489885
  z: -4.8039493982518538e-17
  w: 3.7968493182614053e-17