position:
  x: 0.23654519841644001
  y: -0.88678124400352998
  z: 0.23499999999999999
orientation:
  x: 0.54199962830514259
  y: -0.84037872588320994
  z: -8.7627691772307594e-16
  w: 1.6220308075574014e-15