position:
  x: -0.29266338916389906
  y: 0.49532870256089601
  z: 0.45900000000000007
orientation:
  x: 0.018843897318719185
  y: 0.99982243800278936
  z: 6.1221467420790951e-17
  w: 1.1538559267415421e-18