position:
  x: -0.35993187574562546
  y: -0.71889605697160242
  z: 0.222
orientation:
  x: -0.91458549920973364
  y: 0.40439258726549665
  z: -5.4847648948893193e-17
  w: 4.269951505598879e-17