position:
  x: 0.35697705298609106
  y: 0.43488128889379823
  z: 0.27600000000000002
orientation:
  x: 0.99204563565256831
  y: -0.12587873840602193
  z: -7.707849703482088e-18
  w: 6.0745275615500957e-17