position:
  x: -0.48531766851388891
  y: -0.80363919434825415
  z: 0.27700000000000002
orientation:
  x: 0.42571873598448734
  y: 0.90485554528431245
  z: 3.1234163208187948e-16
  w: 1.5336113136952306e-18