position:
  x: 0.52098905892240199
  y: -0.25072302236337102
  z: 0.23699999999999999
orientation:
  x: 0.92482467884095398
  y: 0.38039362955591988
  z: 6.1454286437778566e-16
  w: 1.4940954922028627e-15