position:
  x: -0.37455741510278184
  y: -0.7671857306663542
  z: 0.315
orientation:
  x: 0.31975933766350478
  y: 0.94749879471004961
  z: 1.00092137671375e-16
  w: -1.0509416266547377e-16