position:
  x: 0.10637119739323049
  y: -0.40051988876350103
  z: 0.29499999999999998
orientation:
  x: 0.99283042008761691
  y: 0.11953140570011812
  z: 7.3191876694116676e-18
  w: 6.07933298028211e-17