position:
  x: 0.35367342091289877
  y: -0.6830526085260783
  z: 0.27800000000000002
orientation:
  x: 0.40288108339211898
  y: -0.91525233277211182
  z: 4.7846438985629349e-16
  w: 2.3412298011861419e-15