position:
  x: -0.19102090525693011
  y: -0.46470945068728042
  z: 0.314
orientation:
  x: -0.70541046964831455
  y: 0.70879903309086434
  z: 3.0082326570793726e-18
  w: 8.9826526657037788e-17