position:
  x: -0.36538416175583865
  y: 0.49747307379167116
  z: 0.44100000000033679
orientation:
  x: 0.033340471594615478
  y: 0.99944405193780039
  z: 6.1198297956624418e-17
  w: 2.0415150910204548e-18