position:
  x: -0.236542832979308
  y: -0.696221577351125
  z: 0.23700000000169399
orientation:
  x: 0.98677600014385014
  y: 0.16208986871517972
  z: 2.6186340797329885e-16
  w: 1.5941806132126866e-15