position:
  x: 0.51501054530779511
  y: 0.055221065752836952
  z: 0.25800000000000001
orientation:
  x: 0.94891590764372558
  y: 0.31552907983367295
  z: 1.9320583882810864e-17
  w: 5.8104341447794699e-17