position:
  x: 0.75688497218235207
  y: 0.35762082477702772
  z: 0.25600000000000001
orientation:
  x: 0.8257239309823271
  y: 0.56407445413091795
  z: 3.4539598736610961e-17
  w: 5.0561008452843843e-17