position:
  x: 0.070903826740484496
  y: -0.34295062917787
  z: 0.255
orientation:
  x: -0.5955701427202339
  y: 0.80330330828411267
  z: -1.2781807254635594e-15
  w: 9.8859517435429527e-16