position:
  x: 0.50260621432087538
  y: -0.6737601454249168
  z: 0.36800000000000005
orientation:
  x: 0.70710678118653858
  y: -0.70710678118655645
  z: -4.3297802811775213e-17
  w: 4.3297802811774116e-17