position:
  x: 0.98903034835863901
  y: -0.098044517384978505
  z: 0.23699999999999999
orientation:
  x: 0.88582914919499245
  y: 0.46401154989555571
  z: 7.4963134190782053e-16
  w: 1.4310964758562045e-15