position:
  x: 0.12696177473443701
  y: -0.65554845159311703
  z: 0.254
orientation:
  x: -0.47182740623020758
  y: -0.88169093152310163
  z: 5.3529525451165115e-15
  w: 4.2450284687963526e-15