position:
  x: -0.44164140623233594
  y: -0.59365454205175294
  z: 0.22299999999999995
orientation:
  x: -0.32841618653430255
  y: 0.94453311663607975
  z: -3.4318835143276533e-16
  w: -1.2446347033299966e-16