position:
  x: 0.65863665524352599
  y: 0.62862216273226901
  z: 0.247
orientation:
  x: 1
  y: 0
  z: 0
  w: 1.6155445744325867e-15