position:
  x: 0.37593756385163979
  y: -0.5346129594605431
  z: 0.27699999999999536
orientation:
  x: -0.82119303834919255
  y: 0.57065050054023581
  z: -1.5942767154293582e-14
  w: 4.4155980378210118e-14