position:
  x: 0.22537221361408691
  y: -0.65174131316564243
  z: 0.29499999999999998
orientation:
  x: 0.97084409801554339
  y: -0.23971177974473024
  z: -1.4678113189114962e-17
  w: 5.9447055855291718e-17