position:
  x: 0.061701586470001402
  y: 0.89485852702469804
  z: 0.254
orientation:
  x: 0.45676124764336357
  y: 0.88958932246923794
  z: 1.4371712033883383e-15
  w: 7.3791815544129511e-16