position:
  x: 0.17015927458600169
  y: -0.24349929802073189
  z: 0.29499999999999998
orientation:
  x: 0.071698530894908546
  y: -0.9974263484927155
  z: -6.1074749253341829e-17
  w: 4.3902688182008685e-18