position:
  x: 0.60366309800488605
  y: -0.42388564750736391
  z: 0.29099999999999976
orientation:
  x: -0.6722291677641834
  y: 0.74034312720999396
  z: -1.4113478593651738e-15
  w: 2.1701547274439703e-15