position:
  x: -0.27650408583612374
  y: -0.33700426505492209
  z: 0.33300000000000002
orientation:
  x: 0.31825524355485202
  y: 0.94800506325116318
  z: 5.8048568314301054e-17
  w: 1.948751326656554e-17