position:
  x: 0.81716126962454494
  y: 0.082035105379984596
  z: 0.23500000000000001
orientation:
  x: 0.83988003638694309
  y: 0.54277207415145012
  z: 3.3235204163807162e-17
  w: 5.1427819911451617e-17