position:
  x: 0.50503972963545796
  y: -0.68038127750894128
  z: 0.27600000000000008
orientation:
  x: 0.049602963001901791
  y: -0.99876901536913532
  z: -4.9490922201453424e-16
  w: 2.2219546518716304e-16