position:
  x: -0.24494357849833501
  y: -0.78603726542783137
  z: 0.22299999999999998
orientation:
  x: 0.075940178984266457
  y: -0.99711237542006148
  z: -6.1055523947419608e-17
  w: 4.6499948559879506e-18