position:
  x: -0.19310985989940468
  y: -0.86755593936589126
  z: 0.26299999999995871
orientation:
  x: -0.99259763690523239
  y: -0.12144929481124393
  z: 5.9673876440766957e-13
  w: 4.6862666345842231e-13