position:
  x: 0.134043368510221
  y: 0.801428517353444
  z: 0.32000000000000001
orientation:
  x: 0.68407556971092265
  y: -0.72941114258330098
  z: -1.1783962139311259e-15
  w: 1.1051545751483618e-15