position:
  x: 0.83475713603313795
  y: 0.18868639362837492
  z: 0.29700000000000004
orientation:
  x: 0.78454447463489907
  y: 0.62007255004543638
  z: 3.7968493182614035e-17
  w: 4.803949398251855e-17