position:
  x: -0.310652262830732
  y: -0.60554462694809996
  z: 0.30900000000169403
orientation:
  x: 0.99488578301728969
  y: 0.10100633024753672
  z: 1.6318022881475402e-16
  w: 1.607282328933698e-15