position:
  x: -0.19733842443170599
  y: 0.53626548482971703
  z: 0.23599999999999999
orientation:
  x: 0.22435266370693724
  y: -0.97450802063790209
  z: -1.574361145482602e-15
  w: 3.6245172861124118e-16