position:
  x: -0.4641479212142518
  y: -0.25008827738569722
  z: 0.22299999999999998
orientation:
  x: 0.22155884692563096
  y: 0.97514700294313827
  z: 6.3354676987677778e-17
  w: -2.472406032067867e-18