position:
  x: 0.63898193165992001
  y: -0.37187333573002246
  z: 0.21700000000000003
orientation:
  x: 0.23558647818306247
  y: -0.97185338981623226
  z: -5.9508857153947688e-17
  w: 1.4425511321464261e-17