position:
  x: -0.751052694770587
  y: 0.26704231889517999
  z: 0.218
orientation:
  x: 0.22435266370693724
  y: -0.97450802063790209
  z: -1.574361145482602e-15
  w: 3.6245172861124118e-16