position:
  x: -0.6307050223199403
  y: -0.25003699520367839
  z: 0.26000000000000006
orientation:
  x: 0.94600167163348603
  y: -0.32416174553245819
  z: 1.0945003999051539e-15
  w: 2.0828078782879715e-15