position:
  x: -0.33432715369517363
  y: 0.59094994388032274
  z: 0.36699999999966326
orientation:
  x: 0.96919728116524084
  y: 0.2462856678369755
  z: 1.5080647739621015e-17
  w: 5.934621740606647e-17