position:
  x: 0.55157418047293205
  y: -0.48728089231096505
  z: 0.26100000000000001
orientation:
  x: 0.21787858668098894
  y: -0.97597588160051107
  z: -5.97612869723541e-17
  w: 1.3341215689081112e-17