position:
  x: -0.464890853826536
  y: -0.61069028255393898
  z: 0.261258246138447
orientation:
  x: -0.83989527404991082
  y: 0.54274849481930876
  z: -1.0426070210243983e-15
  w: 1.2497643640999634e-15