position:
  x: -0.40901945812429602
  y: -0.79205812001267795
  z: 0.25300000000169398
orientation:
  x: 0.99313598534919767
  y: -0.11696544192400703
  z: -5.8099930732522797e-16
  w: 1.5582838166412833e-15