position:
  x: -0.63229195694408602
  y: -0.45920726016374702
  z: 0.33325824613843802
orientation:
  x: -0.84601283258535265
  y: -0.53316253347446319
  z: 1.1188642993202643e-13
  w: 2.5883708922656789e-14