position:
  x: -0.24337048295335881
  y: 0.50140214643860681
  z: 0.49300000000033672
orientation:
  x: 0.018794483449883055
  y: -0.9998233680965114
  z: -6.1221524372605926e-17
  w: 1.1508301999263593e-18