position:
  x: -0.0034535566386177732
  y: 0.8506452936818607
  z: 0.29700000000000004
orientation:
  x: 0.88958932246923716
  y: -0.45676124764336512
  z: -2.796855999504993e-17
  w: 5.4471635815880694e-17