position:
  x: -0.51218789504721896
  y: -0.42568984508788299
  z: 0.25500000000169398
orientation:
  x: 0.91578704482063811
  y: -0.40166414893376096
  z: -2.8740309644262507e-16
  w: 1.6380500933957149e-15