position:
  x: -0.13848098851775267
  y: -0.63064227105077075
  z: 0.2250000000000075
orientation:
  x: 0.39932796075634647
  y: -0.91680814773767028
  z: -4.6450954329306222e-14
  w: 1.1815010208904291e-13