position:
  x: 0.9839666449636002
  y: -0.022207352185959321
  z: 0.223
orientation:
  x: 0.88582914919499389
  y: 0.46401154989555288
  z: 2.8412512967349562e-17
  w: 5.4241391607653625e-17