position:
  x: 0.20841498020308846
  y: 0.83931448727660596
  z: 0.29199999999999998
orientation:
  x: 0.68407556971092398
  y: -0.72941114258329975
  z: -4.4663551051352587e-17
  w: 4.1887547841069256e-17