position:
  x: 0.018101532965392353
  y: 0.66627340238077271
  z: 0.24299999999999999
orientation:
  x: 0.68407556971092909
  y: -0.72941114258329498
  z: -4.4663551051352291e-17
  w: 4.188754784106957e-17