position:
  x: -0.66229195694408605
  y: -0.45920726016374702
  z: 0.30600000000168698
orientation:
  x: -0.84601283258535265
  y: -0.53316253347446319
  z: 1.1188642993202643e-13
  w: 2.5883708922656789e-14