position:
  x: -0.29028978285310292
  y: 0.50433748672195577
  z: 0.53100000000000003
orientation:
  x: 0.029481176254873124
  y: -0.99956533565676886
  z: -6.1205724442535583e-17
  w: 1.8052014067814661e-18