position:
  x: 0.77663473499039903
  y: 0.19140232163406001
  z: 0.27100000000000002
orientation:
  x: 0.83988003638696196
  y: 0.54277207415142081
  z: 8.768724795488496e-16
  w: 1.3568636359591999e-15