position:
  x: 0.16519456263122476
  y: 0.81919734150072354
  z: 0.23999999999999999
orientation:
  x: 0.68407556971092398
  y: -0.72941114258329975
  z: -4.4663551051352587e-17
  w: 4.1887547841069256e-17