position:
  x: -0.54918902712435003
  y: -0.24733858216764901
  z: 0.23500000000169399
orientation:
  x: -0.95147225120875678
  y: 0.30773455311313425
  z: -4.3456058242757458e-16
  w: 1.5573919953168845e-15