position:
  x: -0.77399490437115959
  y: 0.31396933865859811
  z: 0.2430000000002985
orientation:
  x: 0.70710678118654302
  y: 0.70710678118655201
  z: 4.3297802811774942e-17
  w: 4.3297802811774387e-17