position:
  x: 0.19757242068196801
  y: -0.67652770529210204
  z: 0.253
orientation:
  x: 0.98602156448381151
  y: -0.16661774927328965
  z: -2.6917840084263219e-16
  w: 1.5929617887753526e-15