position:
  x: -0.26004195435792843
  y: 0.4683448228758445
  z: 0.45799999999905794
orientation:
  x: 0.8908678383898867
  y: -0.45426258322971164
  z: -2.7815560926233722e-17
  w: 5.4549922337374816e-17