position:
  x: -0.33331078552000032
  y: -0.8764333807210003
  z: 0.25999999999999407
orientation:
  x: -0.99803125548647631
  y: 0.062718522559828932
  z: 2.9316269559659046e-14
  w: 3.4386115248496314e-14