position:
  x: 0.54795270337692525
  y: -0.77631350424098799
  z: 0.22199999999999998
orientation:
  x: 0.94957184082156065
  y: -0.3135495481080347
  z: -1.9199372523230186e-17
  w: 5.8144505771129207e-17