position:
  x: 0.3272120163059502
  y: -0.65642719146933137
  z: 0.223
orientation:
  x: 0.40535009981366033
  y: -0.91416152652638782
  z: -5.5976249368209951e-17
  w: 2.4820535113542964e-17