position:
  x: 0.843778871448705
  y: 0.283136270245337
  z: 0.29999999999999999
orientation:
  x: 0.62007255004541528
  y: -0.78454447463491572
  z: -1.2674665693975022e-15
  w: 1.0017548439804492e-15