position:
  x: -0.48579947757419328
  y: -0.77241736230540337
  z: 0.34799999999999676
orientation:
  x: -0.87731111239998727
  y: 0.47992208957235638
  z: 9.1338797254210617e-15
  w: 3.9234433671313143e-14