position:
  x: 0.61095390672363381
  y: -0.78566485098225236
  z: 0.3129999999999995
orientation:
  x: -0.97174993414848287
  y: -0.23601285024849653
  z: -8.1926549676926515e-17
  w: 5.7954037182604106e-15