position:
  x: -0.49672735273441149
  y: -0.7358623342877072
  z: 0.35099999999999998
orientation:
  x: 0.81738564762291066
  y: -0.57609088090341687
  z: -3.5275392665817429e-17
  w: 5.0050435851519193e-17