position:
  x: -0.22527984134784645
  y: -0.55027176637010478
  z: 0.314
orientation:
  x: 0.37293548367623025
  y: -0.9278572762096422
  z: -5.6814872168785991e-17
  w: 2.2835712318628269e-17