position:
  x: -0.6335307367689671
  y: -0.25104463494711893
  z: 0.24000000000000007
orientation:
  x: 0.94600167163348603
  y: -0.32416174553245808
  z: 1.0945003999051547e-15
  w: 2.0828078782879715e-15