position:
  x: 0.28350093180377139
  y: 0.87197520719961075
  z: 0.24199999999999997
orientation:
  x: 0.68407556971094452
  y: -0.72941114258328044
  z: -4.4663551051351404e-17
  w: 4.1887547841070513e-17