position:
  x: 0.697318348220753
  y: -0.22865746270210699
  z: 0.27300000000000002
orientation:
  x: -0.36441379986081934
  y: 0.9312371247276382
  z: -1.3965669267381715e-15
  w: 8.6442830981573603e-16