position:
  x: -0.25967611250878164
  y: -0.3558885622026543
  z: 0.31400000000000006
orientation:
  x: 0.35417906540169497
  y: 0.93517762464206866
  z: 1.9500888207557429e-16
  w: 2.8490956020907497e-16