position:
  x: 0.15026528380873616
  y: -0.59474572400279524
  z: 0.24099999999999999
orientation:
  x: 0.37512586582919877
  y: -0.92697388570870431
  z: -5.6760780101317453e-17
  w: 2.2969834543255387e-17