position:
  x: 0.35781944674893557
  y: 0.50463992550927628
  z: 0.27199999999999974
orientation:
  x: -0.12587873840602198
  y: -0.99204563565256831
  z: 1.6026939442680334e-15
  w: 2.0336271286826788e-16