position:
  x: 0.56455588078616636
  y: -0.053570031775398916
  z: 0.223
orientation:
  x: 0.947772582232976
  y: 0.3189469115188871
  z: 1.9529865714476958e-17
  w: 5.8034332957561783e-17