position:
  x: 0.5294585625219328
  y: -0.77106870341725864
  z: 0.27799999999999914
orientation:
  x: -0.9331805646513508
  y: 0.35940789328698125
  z: 8.65933329522416e-15
  w: 6.2560243505984609e-15