position:
  x: -0.430910472190906
  y: -0.38436217363899799
  z: 0.273000000001694
orientation:
  x: 0.76668669251381039
  y: -0.64202142917681027
  z: -1.037214236576051e-15
  w: 1.2386165263803512e-15