position:
  x: 0.11617737306852115
  y: -0.39084535906107332
  z: 0.25900000000000001
orientation:
  x: 0.99346613384405558
  y: 0.11412730131281032
  z: 7.2349406214862487e-17
  w: 5.3323707441844885e-17