position:
  x: 0.26847297140303333
  y: -0.65641331935845226
  z: 0.25900000000000001
orientation:
  x: 0.93449147402514299
  y: -0.35598551230958186
  z: 3.7988223053715914e-15
  w: 2.2254797578038464e-15