position:
  x: -0.24203676467111149
  y: -0.36863273619175735
  z: 0.29600000000000004
orientation:
  x: 0.40052821039182473
  y: 0.91628442782812924
  z: 5.6106239582414126e-17
  w: 2.452527954122829e-17