position:
  x: 0.45617987510292091
  y: -0.53053245365861712
  z: 0.27800000000000002
orientation:
  x: 0.90630569804914562
  y: 0.42262274155995316
  z: -6.3561949799364653e-17
  w: 9.7202374022472703e-17