position:
  x: 0.074977458943617695
  y: -0.91476850843353497
  z: 0.23699999999999999
orientation:
  x: 0.34579688976814188
  y: 0.93830938982122503
  z: 1.5158806438648311e-15
  w: 5.5865028912058493e-16