position:
  x: 0.35510238228093638
  y: -0.68569042379797585
  z: 0.25800000000000001
orientation:
  x: 0.40288108339211898
  y: -0.91525233277211182
  z: 4.7846438985629349e-16
  w: 2.3412298011861419e-15