position:
  x: -0.86159892630951196
  y: 0.21329328616964199
  z: 0.218
orientation:
  x: 0.22435266370693724
  y: -0.97450802063790209
  z: -1.574361145482602e-15
  w: 3.6245172861124118e-16