position:
  x: 0.13710391289702101
  y: -0.99503092516346603
  z: 0.23699999999999999
orientation:
  x: 0.98005528416621579
  y: -0.19872503611240819
  z: -3.2104915389532091e-16
  w: 1.5833229969787169e-15