position:
  x: 0.19016672650904695
  y: 0.84048626618972488
  z: 0.22199999999999998
orientation:
  x: 0.68407556971092398
  y: -0.72941114258329975
  z: -4.4663551051352587e-17
  w: 4.1887547841069256e-17