position:
  x: 0.12528740536509564
  y: 0.94680770844688189
  z: 0.23400000000000001
orientation:
  x: -0.45676124764336506
  y: -0.88958932246923716
  z: 5.4471635815880694e-17
  w: 2.7968559995049937e-17