position:
  x: 0.66436132570295892
  y: 0.1161934578345665
  z: 0.222
orientation:
  x: 0.70710678118653825
  y: -0.7071067811865569
  z: -4.3297802811775237e-17
  w: 4.3297802811774097e-17