position:
  x: 0.050324609468485403
  y: 0.45605586006187598
  z: 0.217
orientation:
  x: 0.99290740725525439
  y: -0.11889020404410312
  z: -1.9207242409663398e-16
  w: 1.6040861747051531e-15