position:
  x: -0.38755173565713275
  y: 0.65335274165954027
  z: 0.27600000000000002
orientation:
  x: 0.12806967081519219
  y: -0.9917651735251084
  z: -6.0728102263167168e-17
  w: 7.8420056215840159e-18