position:
  x: -0.19970630713693208
  y: 0.76408725309221692
  z: 0.26100000000029849
orientation:
  x: 1
  y: 0
  z: 0
  w: 6.123233995736766e-17