position:
  x: 0.86813591473574137
  y: 0.27580476722388897
  z: 0.27700000000000002
orientation:
  x: 0.62007255004541506
  y: -0.78454447463491594
  z: -4.8039493982519579e-17
  w: 3.7968493182612728e-17