position:
  x: -0.12441416787869973
  y: -0.61426455742960351
  z: 0.26100000000000001
orientation:
  x: 0.45044747459860807
  y: -0.89280293045427239
  z: -5.4668412552510081e-17
  w: 2.7581952897559703e-17