position:
  x: -0.18237957252497902
  y: -0.6640976357369337
  z: 0.29499999999999998
orientation:
  x: 0.22959198274946196
  y: -0.97328696768074052
  z: -5.9596638481102609e-17
  w: 1.4058454339201146e-17