position:
  x: 0.50331369815741756
  y: -0.67792754253205112
  z: 0.27700000000000008
orientation:
  x: 0.049602963001901791
  y: -0.99876901536913532
  z: -4.9490922201453424e-16
  w: 2.2219546518716304e-16