position:
  x: -0.13821195377528048
  y: -0.3428641386024357
  z: 0.27600000000004377
orientation:
  x: 0.45150316100802262
  y: 0.89226951959582457
  z: 1.1070074693370734e-12
  w: -3.6498190686937053e-13