position:
  x: 0.85922061254456472
  y: 0.2486112446986033
  z: 0.312
orientation:
  x: 0.62007255004543671
  y: -0.78454447463489885
  z: -4.8039493982518538e-17
  w: 3.7968493182614053e-17