position:
  x: 0.90747002417197187
  y: -0.080882449866886724
  z: 0.26099999999999995
orientation:
  x: -0.84316036066770028
  y: 0.53766216734926919
  z: -9.6834937872096529e-17
  w: 2.742212194698742e-16