position:
  x: -0.61789552525312563
  y: 0.44006871777663215
  z: 0.31200000000029848
orientation:
  x: 6.123233995736766e-17
  y: 1
  z: 6.123233995736766e-17
  w: 3.749399456654644e-33