position:
  x: -0.20465852671856022
  y: -0.49945768324920764
  z: 0.34899999999999975
orientation:
  x: -0.55230839134671028
  y: 0.83363987479487156
  z: -7.7223297971568465e-16
  w: 2.5635489193050966e-15