position:
  x: -0.57340395949348499
  y: -0.71231862196782503
  z: 0.217000000001694
orientation:
  x: 0.93284942366442036
  y: -0.36026650242418973
  z: -5.8202659334120403e-16
  w: 1.5070598251636197e-15