position:
  x: 0.62336240955589295
  y: 0.241072739594659
  z: 0.23599999999999999
orientation:
  x: 0.82572393098232832
  y: 0.56407445413091617
  z: 9.1128742394722463e-16
  w: 1.3339938166776483e-15