position:
  x: -0.30917836866931309
  y: 0.77227139720507365
  z: 0.29500000000029852
orientation:
  x: 0.70710678118655179
  y: 0.70710678118654324
  z: 4.3297802811774405e-17
  w: 4.3297802811774929e-17