position:
  x: -0.25228345072919933
  y: 0.46823987917982873
  z: 0.34900000000033671
orientation:
  x: 0.10332261423616559
  y: 0.99464789618608485
  z: 6.0904618117146885e-17
  w: 6.3266854401928469e-18