position:
  x: -0.25936609868426125
  y: -0.23356984011403112
  z: 0.27899999999999997
orientation:
  x: -0.30605894738637152
  y: -0.95201256332295647
  z: 3.6025692961240741e-16
  w: 5.3046129897097651e-16