position:
  x: -0.26550070983392665
  y: 0.44325213625680432
  z: 0.29700000000033677
orientation:
  x: 0.20285876698926303
  y: 0.97920800683797304
  z: 5.9959197563679158e-17
  w: 1.2421516983618987e-17