position:
  x: -0.20042605707397221
  y: 0.76699963356669676
  z: 0.2410000000002985
orientation:
  x: 1
  y: 0
  z: 0
  w: 6.123233995736766e-17