position:
  x: -0.74299476245435103
  y: 0.142375544364132
  z: 0.28499999999924402
orientation:
  x: 0.70710678118655346
  y: 0.70710678118654158
  z: 1.1423625238904076e-15
  w: 1.1423625238904267e-15