position:
  x: -0.12657606591919057
  y: 0.40212255358085525
  z: 0.2610000000010646
orientation:
  x: 6.123233995736766e-17
  y: 1
  z: 6.123233995736766e-17
  w: 3.749399456654644e-33