position:
  x: 0.83401860606690359
  y: 0.39786119533847875
  z: 0.22199999999999998
orientation:
  x: 0.62007255004541495
  y: -0.78454447463491606
  z: -4.8039493982519592e-17
  w: 3.7968493182612722e-17