position:
  x: -0.57420279815198805
  y: -0.85444638003475004
  z: 0.249
orientation:
  x: 0.88670186504542281
  y: -0.46234165129800792
  z: -7.4693354628869959e-16
  w: 1.4325063872133886e-15