position:
  x: -0.44835478089664427
  y: -0.36341744024891737
  z: 0.29399999999999998
orientation:
  x: 0.092355124305054631
  y: 0.99572613253574793
  z: 4.6062892444003394e-16
  w: 5.0523771898708053e-16