position:
  x: -0.15733752488769201
  y: -0.46309049707275401
  z: 0.27800000000000002
orientation:
  x: 0.38268343236508734
  y: 0.92387953251128774
  z: 1.4925685661779255e-15
  w: 6.1824214288265658e-16