position:
  x: 0.51796042712546964
  y: 0.055767140163291991
  z: 0.25900000000000001
orientation:
  x: 0.94891590764372558
  y: 0.31552907983367318
  z: 1.9320583882810876e-17
  w: 5.8104341447794699e-17