position:
  x: -0.23580122468586179
  y: -0.24761342022237601
  z: 0.26000000000000001
orientation:
  x: 0.30413857919084009
  y: 0.9526277996404352
  z: 2.8317260098693307e-17
  w: 1.1263461172483601e-16