position:
  x: 0.88344600070501245
  y: -0.36681654274776981
  z: 0.24299999999999997
orientation:
  x: 0.43499569163006324
  y: -0.90043253398757361
  z: -5.513559102980112e-17
  w: 2.6635804069882303e-17