position:
  x: 0.122982729965758
  y: -0.39859057725934899
  z: 0.253
orientation:
  x: 0.99346613384405558
  y: 0.11412730131281039
  z: 2.4973886693300346e-16
  w: 1.5974802738124559e-15