position:
  x: -0.56986287935845747
  y: -0.44144574739971482
  z: 0.26000000000000001
orientation:
  x: -0.99984150793132731
  y: 0.017803342877382413
  z: -3.3980423694002188e-17
  w: 6.0636985304463589e-17