position:
  x: -0.29497771643920706
  y: -0.50053738812251691
  z: 0.29700000000000004
orientation:
  x: 0.59878628588035654
  y: -0.80090884864734013
  z: -4.9041522895237853e-17
  w: 3.6665085418835532e-17