position:
  x: 0.95760947730766799
  y: 0.33833222272177099
  z: 0.22900000000000001
orientation:
  x: 0.78454447463491672
  y: 0.62007255004541406
  z: 1.0017548439804472e-15
  w: 1.2674665693975038e-15