position:
  x: 0.110048827640985
  y: -0.30654986824193398
  z: 0.29000000000000004
orientation:
  x: 0.57803041120608434
  y: -0.81601522272622151
  z: -1.1661921843479289e-15
  w: 1.1485797053394621e-15