position:
  x: 0.067455737509541994
  y: 0.72409056993321796
  z: 0.26700000000000002
orientation:
  x: 0.68407556971093364
  y: -0.72941114258329065
  z: -1.1783962139311091e-15
  w: 1.1051545751483796e-15