position:
  x: -0.52142373473296144
  y: -0.64984940668195357
  z: 0.314
orientation:
  x: -0.83170312979500371
  y: -0.55522059029650117
  z: 1.434346072668799e-16
  w: -2.2129900320121143e-17