position:
  x: -0.28087001406020717
  y: -0.79203009245647882
  z: 0.29399999999999882
orientation:
  x: -0.013586883270519948
  y: 0.99990769404130164
  z: -7.9450394718189605e-15
  w: 8.1352005256940454e-15