position:
  x: 0.44356286969949499
  y: -0.59647039210429442
  z: 0.31499999999999989
orientation:
  x: -0.90158220021601876
  y: -0.4326078319374751
  z: 8.2546016037596663e-15
  w: -2.4152044409048774e-15