position:
  x: 0.39664471440452509
  y: -0.41792762978466802
  z: 0.33299999999999913
orientation:
  x: -0.80979696193380357
  y: 0.58671021845778504
  z: -2.1207199697988676e-15
  w: 5.3940673917615132e-15