position:
  x: -0.25068518365600501
  y: -0.31184735273631398
  z: 0.25500000000169398
orientation:
  x: 0.86414001447599553
  y: -0.50325146336739679
  z: -8.130251712184576e-16
  w: 1.3960567119367916e-15