position:
  x: 0.053773337892553064
  y: 0.89552673582025721
  z: 0.23500000000000001
orientation:
  x: 0.88958932246923716
  y: -0.45676124764336512
  z: -2.796855999504993e-17
  w: 5.4471635815880694e-17