position:
  x: -0.48144366345513401
  y: -0.187275304460086
  z: 0.23700000000169399
orientation:
  x: 0.31277545794004252
  y: 0.94982709632353435
  z: 1.5344880121145438e-15
  w: 5.0530269409070346e-16