position:
  x: 0.72853530507177866
  y: 0.41424595585872309
  z: 0.25600000000000001
orientation:
  x: 0.56407445413091795
  y: -0.8257239309823271
  z: 5.0561008452843843e-17
  w: -3.4539598736610954e-17