position:
  x: -0.14984024689482733
  y: -0.74417443228447389
  z: 0.25799999999999995
orientation:
  x: -0.97567446854031825
  y: -0.2192243860490147
  z: -3.7065064215829455e-16
  w: 6.0120176163963641e-16