position:
  x: 0.78117003053037704
  y: -0.71879670618366598
  z: 0.217
orientation:
  x: 0.99848832594895709
  y: 0.054964196925355778
  z: 8.8797110130802788e-17
  w: 1.6131023976211139e-15