position:
  x: -0.38792558720547898
  y: -0.93611417783154804
  z: 0.24125824613844701
orientation:
  x: 0.98066767147120115
  y: -0.19568065344139729
  z: -3.1613081798867268e-16
  w: 1.5843123359667375e-15