position:
  x: -0.227931361083167
  y: -0.92222536207995498
  z: 0.26400000000000001
orientation:
  x: -0.034025658863427968
  y: -0.9994209596255772
  z: 1.6213248546569938e-15
  w: -1.4228872666178958e-16