position:
  x: 0.31448315985681252
  y: 0.62306097899348756
  z: 0.24199999999999997
orientation:
  x: 0.11889020404410819
  y: 0.99290740725525373
  z: 6.0798043907242194e-17
  w: 7.2799253916296399e-18