position:
  x: 0.74263290636430435
  y: -0.33166224850910719
  z: 0.309
orientation:
  x: -0.94072587765468674
  y: -0.33916783914578258
  z: -1.5148673320926247e-16
  w: 3.5574270974512392e-16