position:
  x: 0.76552588117750675
  y: -0.7310128533449135
  z: 0.2580000000000004
orientation:
  x: 0.9993902696331739
  y: 0.034915454494133802
  z: 1.1502948970501901e-14
  w: 2.325554869153284e-15