position:
  x: -0.57435713603517402
  y: -0.30751640148209503
  z: 0.23700000000169399
orientation:
  x: 0.011177869095505857
  y: 0.99993752566972094
  z: 1.6154436443672632e-15
  w: 1.8058345770962172e-17