position:
  x: 0.59851157091240303
  y: -0.53456106958220995
  z: 0.217
orientation:
  x: 0.99998582757985699
  y: 0.0053239683910126295
  z: 8.6011082485510419e-18
  w: 1.615521678256118e-15