position:
  x: -0.462426057073971
  y: 0.684705215772478
  z: 0.24400000000029898
orientation:
  x: 1
  y: 0
  z: 0
  w: 1.6155445744325867e-15