position:
  x: 0.98603911175014358
  y: -0.097815380849261183
  z: 0.223
orientation:
  x: 0.88582914919499245
  y: 0.46401154989555565
  z: 2.8412512967349728e-17
  w: 5.4241391607653532e-17