position:
  x: 0.27660916714470951
  y: 0.60859381546172953
  z: 0.24099999999999999
orientation:
  x: 0.11889020404410819
  y: 0.99290740725525373
  z: 6.0798043907242194e-17
  w: 7.2799253916296399e-18