position:
  x: -0.32285928042231299
  y: -0.62280135802992198
  z: 0.30600000000169097
orientation:
  x: -0.0029483638425011395
  y: 0.99999565356588038
  z: -3.1501424163006949e-14
  w: 3.0620031988004682e-14