position:
  x: 0.32219257015737701
  y: -0.17939795295430799
  z: 0.29100000000000004
orientation:
  x: -0.1994791786280822
  y: 0.97990206515440392
  z: -1.5568275979263037e-15
  w: 4.5120496662482638e-16