position:
  x: 0.059030314369980436
  y: 0.49577345697290975
  z: 0.24199999999999997
orientation:
  x: 0.11889020404410312
  y: 0.99290740725525439
  z: 6.0798043907242243e-17
  w: 7.2799253916293302e-18