position:
  x: -0.70603788172452797
  y: -0.0502961969675167
  z: 0.25500000000169398
orientation:
  x: 0.22425882705017297
  y: 0.9745296190932734
  z: 1.5448876164369229e-15
  w: 4.9053067605577809e-16