position:
  x: -0.58832667795593496
  y: 0.81070521577247801
  z: 0.242000000000299
orientation:
  x: 0.7071067811865428
  y: -0.70710678118655235
  z: -1.142362523890425e-15
  w: 1.1423625238904096e-15