position:
  x: 0.34012935332300515
  y: -0.74715709998778423
  z: 0.31499999999999984
orientation:
  x: -0.31567705845485072
  y: 0.94886668966999399
  z: 2.0588456049400962e-16
  w: 2.2196055507079441e-15