position:
  x: -0.35843767169931562
  y: 0.60181662133209401
  z: 0.45599999999939467
orientation:
  x: 0.89691533809291757
  y: -0.44220230245179354
  z: -2.7077081713658937e-17
  w: 5.4920224895082883e-17