position:
  x: -0.631690929033071
  y: 0.204754028465434
  z: 0.32600000000000001
orientation:
  x: 1.1607551796058996e-14
  y: 1
  z: 1.6155445744325867e-15
  w: 1.8752517326568338e-29