position:
  x: 0.54867631068937861
  y: -0.14043811771566142
  z: 0.22299999999999998
orientation:
  x: 0.92934532054509023
  y: 0.36921169426352618
  z: 2.2607695979379927e-17
  w: 5.6905988605405781e-17