position:
  x: -0.94899476245435199
  y: -0.021624455635867599
  z: 0.22900000000007401
orientation:
  x: 0.70710678118654624
  y: -0.70710678118654879
  z: -1.1423625238904192e-15
  w: 1.1423625238904151e-15