position:
  x: 0.67538390361973599
  y: -0.69081361964801502
  z: 0.27300000000000002
orientation:
  x: 0.1194346545037718
  y: 0.99284206362520955
  z: 2.8101413420188703e-15
  w: -9.8336781693361353e-15