position:
  x: -0.60847325058505697
  y: -0.66721113112062802
  z: 0.30900000000169403
orientation:
  x: -0.86585596449391766
  y: 0.50029336268864055
  z: -1.2070048999847801e-15
  w: 1.1684253221364067e-15