position:
  x: 0.78820860724887265
  y: 0.39798823246197812
  z: 0.23500000000000001
orientation:
  x: 0.56407445413087842
  y: -0.82572393098235408
  z: -5.0561008452845495e-17
  w: 3.4539598736608539e-17