position:
  x: -0.28870003305889497
  y: 0.50179333743549182
  z: 0.51100000000000001
orientation:
  x: 0.029481176254873124
  y: -0.99956533565676886
  z: -6.1205724442535583e-17
  w: 1.8052014067814661e-18