position:
  x: -0.6315169719282
  y: -0.31600835163426999
  z: 0.273000000001694
orientation:
  x: 0.17526488127070747
  y: -0.98452131586531166
  z: -1.607834346401207e-15
  w: 1.8598927397142534e-16