position:
  x: -0.58397851969669556
  y: -0.71647115408448292
  z: 0.23600000000169372
orientation:
  x: -0.40849203601895895
  y: -0.91276188379504841
  z: 1.4746075091139577e-15
  w: 6.5993709248935014e-16