position:
  x: 0.27620356246221955
  y: 0.46217824353340126
  z: 0.28999999999999976
orientation:
  x: -0.12587873840602198
  y: -0.99204563565256831
  z: 1.6026939442680334e-15
  w: 2.0336271286826788e-16