position:
  x: 0.44310170719639963
  y: -0.6003362293211395
  z: 0.33299999999999996
orientation:
  x: -0.56193749866231224
  y: -0.82717969486511445
  z: 1.9735051019813484e-16
  w: 2.1360491222060786e-16