position:
  x: -0.60555064225402677
  y: -0.77089172771168912
  z: 0.26100000000000001
orientation:
  x: 0.8151433751181888
  y: -0.57925924938746354
  z: -2.4453442987707421e-16
  w: 1.737462621982038e-16