position:
  x: 0.37339842648231431
  y: 0.8485679389574684
  z: 0.23700000000000002
orientation:
  x: 0.68407556971094452
  y: -0.72941114258328044
  z: -4.4663551051351404e-17
  w: 4.1887547841070513e-17