position:
  x: -0.55385605718598541
  y: -0.35392850539617465
  z: 0.22300000000004855
orientation:
  x: 0.017764235967764018
  y: 0.99984220351037478
  z: 5.2514739348788719e-13
  w: -5.0503905167715574e-13