position:
  x: 0.31575431872284909
  y: -0.79568619569024968
  z: 0.223
orientation:
  x: 0.20793808343821754
  y: -0.97814199043699213
  z: -5.9893922885014172e-17
  w: 1.2732535415172418e-17