position:
  x: 0.25586414869066487
  y: -0.28887034248278076
  z: 0.30600000000000027
orientation:
  x: 0.84152067066485414
  y: 0.54022491690385233
  z: 9.281219149155432e-16
  w: 1.3239722194707884e-15