position:
  x: -0.21738301625274753
  y: -0.53644508344563235
  z: 0.31300000000000006
orientation:
  x: 0.42771237483109376
  y: -0.90391488781651674
  z: -2.6352238383864785e-16
  w: 1.1436759315205298e-15