position:
  x: 0.71800593250446276
  y: -0.28808843550315788
  z: 0.26100000000000001
orientation:
  x: -0.77769456896140132
  y: 0.62864231277248606
  z: -1.2910590426918695e-17
  w: 6.8299559559824367e-17