position:
  x: 0.28080047168817701
  y: -0.59093407846356805
  z: 0.255
orientation:
  x: -0.2032993485418636
  y: 0.97911662986717463
  z: -1.4881796955039785e-15
  w: 7.7935855412417297e-16