position:
  x: 0.27270714722169098
  y: -0.26569990186272052
  z: 0.24299999999999997
orientation:
  x: 0.99759985426273223
  y: -0.069242550321138532
  z: -4.239883380779092e-18
  w: 6.1085373417636056e-17