position:
  x: 0.28164307827199869
  y: 0.24854961125231195
  z: 0.22199999999999998
orientation:
  x: 0.99204563565256831
  y: -0.1258787384060219
  z: -7.7078497034820864e-18
  w: 6.0745275615500957e-17