position:
  x: -0.24557578946221201
  y: 0.33295107843270455
  z: 0.22300000000169393
orientation:
  x: 6.123233995736766e-17
  y: 1
  z: 6.123233995736766e-17
  w: 3.749399456654644e-33