position:
  x: 0.20917634869238699
  y: 0.85563190930279998
  z: 0.28299999999999997
orientation:
  x: 0.68407556971093364
  y: -0.72941114258329065
  z: -1.1783962139311091e-15
  w: 1.1051545751483796e-15