position:
  x: -0.32883516142723074
  y: 0.58669760144075589
  z: 0.35099999999966325
orientation:
  x: 0.97849605119615257
  y: 0.20626555164044336
  z: 1.2630122379541602e-17
  w: 5.9915602853784639e-17