position:
  x: 0.55540912316850699
  y: 0.76662216273226902
  z: 0.26600000000000001
orientation:
  x: 1
  y: 0
  z: 0
  w: 1.6155445744325867e-15