position:
  x: 0.47135864310075082
  y: -0.6279803713471408
  z: 0.222
orientation:
  x: 0.90469163837819133
  y: 0.42606694244987364
  z: 2.6089075864686865e-17
  w: 5.5396385957761339e-17