position:
  x: -0.54008139500393904
  y: -0.89117465656575101
  z: 0.31899999999999501
orientation:
  x: -0.92284213054163833
  y: 0.38517840294773764
  z: 3.5809581129790875e-14
  w: 7.0834063366827951e-14