position:
  x: -0.462624038657582
  y: -0.60240518152865996
  z: 0.32000000000000001
orientation:
  x: 0.99701987315047191
  y: 0.077145139464628532
  z: 1.2463141150592586e-16
  w: 1.6107300466697107e-15