position:
  x: -0.30050031997886917
  y: 0.47150101351704898
  z: 0.29699999999939464
orientation:
  x: 0.79184281224203601
  y: -0.61072494684647005
  z: -3.7396117565748349e-17
  w: 4.8486388272002403e-17