position:
  x: -0.59015509061620097
  y: -0.80618711270455501
  z: 0.259258246138447
orientation:
  x: 0.92493578038255553
  y: -0.38012340386789251
  z: -7.3581119158462494e-16
  w: 1.4442575884899169e-15