position:
  x: 0.17510105124620901
  y: -0.60428040313665798
  z: 0.23699999999999999
orientation:
  x: 0.11130869639891203
  y: 0.99378587940560659
  z: 1.6055053856214447e-15
  w: 1.7982416055442633e-16