position:
  x: -0.29630373368263302
  y: -0.50322842477595287
  z: 0.27600000000000002
orientation:
  x: 0.59878628588035654
  y: -0.80090884864734013
  z: -4.9041522895237853e-17
  w: 3.6665085418835532e-17