position:
  x: 0.19489581255302801
  y: -0.32450101493320388
  z: 0.27899999999999925
orientation:
  x: 0.99797896715193002
  y: 0.063545110924184856
  z: 2.4537792719468745e-14
  w: 5.3962643599684068e-15