position:
  x: 0.11196306528892341
  y: 0.77739558992211499
  z: 0.27700000000000002
orientation:
  x: 0.68407556971092398
  y: -0.72941114258329975
  z: -4.4663551051352587e-17
  w: 4.1887547841069256e-17