position:
  x: 0.984740575749532
  y: -0.12001918907651417
  z: 0.27899999999999958
orientation:
  x: -0.88619051477415001
  y: -0.4633210242632283
  z: 1.8966444271246837e-14
  w: -4.3346646957245436e-15