position:
  x: -0.76947615580274986
  y: 0.15865863131348215
  z: 0.24299999999924438
orientation:
  x: 0.70710678118654302
  y: 0.70710678118655201
  z: 4.3297802811774942e-17
  w: 4.3297802811774387e-17