position:
  x: -0.17687471167355001
  y: -0.798594783094285
  z: 0.23500000000169399
orientation:
  x: -0.99663322994303516
  y: -0.081989053984743029
  z: 6.6887480424842814e-17
  w: 1.6154995486967231e-15