position:
  x: 0.18517700307988494
  y: 0.84080667233897055
  z: 0.27800000000000002
orientation:
  x: 0.6840755697109322
  y: -0.72941114258329198
  z: -4.4663551051352106e-17
  w: 4.1887547841069762e-17