position:
  x: 0.79225177266913105
  y: 0.35370342846915026
  z: 0.27600000000000002
orientation:
  x: 0.62007255004541495
  y: -0.78454447463491606
  z: -4.8039493982519592e-17
  w: 3.7968493182612722e-17