position:
  x: -0.04709243520360662
  y: 0.55799027302527104
  z: 0.2410000000019088
orientation:
  x: 0.70710678118654724
  y: 0.70710678118654779
  z: 4.3297802811774683e-17
  w: 4.3297802811774646e-17