position:
  x: 0.018101532965392401
  y: 0.66627340238077304
  z: 0.26600000000000001
orientation:
  x: 0.68407556971092998
  y: -0.72941114258329409
  z: -1.1783962139311146e-15
  w: 1.1051545751483737e-15