position:
  x: 0.25198490883621499
  y: 0.86546393818116596
  z: 0.216
orientation:
  x: 0.68407556971094452
  y: -0.72941114258328044
  z: -1.1783962139310926e-15
  w: 1.1051545751483971e-15