position:
  x: -0.77743525766059762
  y: 0.1209374774496005
  z: 0.22300000000169393
orientation:
  x: 7.1666596975583694e-15
  y: -1
  z: -6.123233995736766e-17
  w: 4.3883134295965982e-31