position:
  x: 0.41188868304480802
  y: -0.37394794000012999
  z: 0.27199999999999902
orientation:
  x: 0.40570481266968239
  y: -0.91400416026222653
  z: 8.0552784729693112e-16
  w: 5.7968264231162844e-15