position:
  x: 0.43381472823894407
  y: -0.67589828968170174
  z: 0.33099999999999996
orientation:
  x: -0.90125764581415102
  y: -0.43328357441926457
  z: -1.7373393484554988e-16
  w: 3.9783629779507017e-16