position:
  x: 0.1181100046736405
  y: 0.94191410372414386
  z: 0.25900000000000001
orientation:
  x: 0.45676124764336218
  y: 0.88958932246923872
  z: 5.4471635815880792e-17
  w: 2.7968559995049752e-17