position:
  x: 0.85974919816086681
  y: -0.48752574026263001
  z: 0.24099999999999999
orientation:
  x: 0.80045522170697758
  y: -0.59939255754641585
  z: -3.6702208851598191e-17
  w: 4.9013746256211753e-17