position:
  x: 0.49698165413086287
  y: 0.11499861267329062
  z: 0.23999999999999999
orientation:
  x: 0.31552907983367318
  y: -0.94891590764372558
  z: -5.8104341447794699e-17
  w: 1.9320583882810876e-17