position:
  x: -0.34795389487680456
  y: 0.59541974064974079
  z: 0.40499999999939468
orientation:
  x: 0.86860066450345774
  y: -0.49551275021350533
  z: -3.0341405174283561e-17
  w: 5.3186451176071178e-17