position:
  x: 0.94684593769621572
  y: -0.46415572118767667
  z: 0.25499999999999973
orientation:
  x: -0.59939255754641485
  y: -0.80045522170697825
  z: 1.293171090504942e-15
  w: 9.6834539429938254e-16