position:
  x: 0.59772128667507196
  y: 0.72312216273226904
  z: 0.23499999999999999
orientation:
  x: 1
  y: 0
  z: 0
  w: 1.6155445744325867e-15