position:
  x: -0.34202510904580324
  y: -0.51861520014950013
  z: 0.25500000000169371
orientation:
  x: 0.069595056386894769
  y: -0.9975753245377037
  z: 1.6207848590262924e-15
  w: 1.882902873270916e-17