position:
  x: 0.136575350259596
  y: 0.80110539766188305
  z: 0.28500000000000003
orientation:
  x: 0.68407556971093364
  y: -0.72941114258329065
  z: -1.1783962139311091e-15
  w: 1.1051545751483796e-15