position:
  x: -0.3625083048254607
  y: -0.89105073830204495
  z: 0.26099999999999995
orientation:
  x: -0.17869061522683433
  y: -0.98390531253259095
  z: 3.2574262380184233e-16
  w: -2.0830950269708996e-16