position:
  x: -0.51442644938689797
  y: -0.51442644938689797
  z: 0.218
orientation:
  x: 0.38268343236508734
  y: 0.92387953251128774
  z: 1.4925685661779255e-15
  w: 6.1824214288265658e-16