position:
  x: 0.91861369823262851
  y: -0.54962865908509606
  z: 0.25900000000000006
orientation:
  x: 0.93468830540958192
  y: 0.35546838358785732
  z: 5.3226298919019195e-15
  w: -5.3336141226756489e-16