position:
  x: 0.65631699724416559
  y: -0.3386138260338627
  z: 0.29100000000000004
orientation:
  x: 0.74485961007098922
  y: -0.66722122364692049
  z: 8.1495373825327662e-18
  w: 8.9506644420608991e-17