position:
  x: 0.090274447081967205
  y: -0.64079733722543997
  z: 0.27099999999999802
orientation:
  x: -0.50468997685422134
  y: 0.86330065867163885
  z: -1.2171830187849966e-14
  w: 1.2297903615227283e-14