position:
  x: 0.94723433571702298
  y: 0.22512154909922399
  z: 0.27100000000000002
orientation:
  x: 0.82572393098232832
  y: 0.56407445413091617
  z: 9.1128742394722463e-16
  w: 1.3339938166776483e-15