position:
  x: -0.13693424860162443
  y: -0.34014983031316343
  z: 0.29600000000004378
orientation:
  x: 0.45150316100802262
  y: 0.89226951959582457
  z: 1.1070074693370734e-12
  w: -3.6498190686937053e-13