position:
  x: -0.6151597868030303
  y: 0.23283756582310627
  z: 0.24200000000186636
orientation:
  x: 1
  y: 0
  z: 0
  w: 6.123233995736766e-17