position:
  x: 0.40778052960669903
  y: 0.075136921650743801
  z: 0.218
orientation:
  x: 0.79623317062026921
  y: -0.60498986603412885
  z: -9.7738809565813427e-16
  w: 1.2863501787788321e-15