position:
  x: 0.85563848694429501
  y: 0.32872632861677897
  z: 0.27000000000000002
orientation:
  x: 0.82572393098235375
  y: 0.56407445413087898
  z: 9.1128742394716448e-16
  w: 1.3339938166776893e-15