position:
  x: 0.24619616034407496
  y: -0.28622360813603337
  z: 0.33099999999999996
orientation:
  x: -0.99996445869361716
  y: -0.0084309756007988953
  z: -3.2655497775934783e-16
  w: 2.8604028817772742e-16