position:
  x: -0.41517679746235708
  y: 0.505797327687872
  z: 0.34999999999999998
orientation:
  x: 0.1246171782082897
  y: 0.99220489763727904
  z: 6.0755027599491047e-17
  w: 7.6306014205778632e-18