position:
  x: -0.30037741091283743
  y: -0.45762321029904529
  z: 0.29599999999999616
orientation:
  x: -0.51306470910991331
  y: -0.85834993112713653
  z: 5.8374582712802108e-14
  w: -1.531212659125362e-14