position:
  x: 0.69418009464891173
  y: 0.41589853306513314
  z: 0.24199999999999997
orientation:
  x: 0.62007255004543671
  y: -0.78454447463489885
  z: -4.8039493982518538e-17
  w: 3.7968493182614053e-17