position:
  x: 0.111963065288923
  y: 0.77739558992211499
  z: 0.28299999999999997
orientation:
  x: 0.68407556971092265
  y: -0.72941114258330098
  z: -1.1783962139311259e-15
  w: 1.1051545751483618e-15