position:
  x: -0.153359318775843
  y: -0.45737157595505101
  z: 0.39899999999963404
orientation:
  x: -0.84526141456925574
  y: -0.53435301163218007
  z: 4.5000302145264683e-13
  w: 1.0779311129759546e-13