position:
  x: 0.43782796438012223
  y: 0.15692424885103137
  z: 0.24299999999999997
orientation:
  x: 0.31552907983368311
  y: -0.94891590764372225
  z: -5.8104341447794489e-17
  w: 1.9320583882811483e-17