position:
  x: 0.13579413529933035
  y: -0.98782714837616792
  z: 0.24299999999999997
orientation:
  x: 0.9800552841662159
  y: -0.19872503611240794
  z: -1.2168398969275128e-17
  w: 6.0011078337080303e-17