position:
  x: -0.21878376738273894
  y: 0.56985790545815407
  z: 0.4929999999993947
orientation:
  x: 0.42041593347629452
  y: 0.90733149558430737
  z: 5.5558030591645143e-17
  w: 2.5743051362114532e-17