position:
  x: 0.48261936663632482
  y: -0.094869977670904326
  z: 0.24100000000006913
orientation:
  x: 0.78234568434812501
  y: -0.62284446708778252
  z: -3.9809374615788537e-13
  w: 9.1463696962706438e-13