position:
  x: -0.30419787353608491
  y: 0.46613341807618019
  z: 0.315
orientation:
  x: 0.17381057007226428
  y: 0.98477910504394561
  z: 6.0300328942963159e-17
  w: 1.064282791484876e-17