position:
  x: -0.24685812745786667
  y: 0.40933238249878529
  z: 0.4570000000003368
orientation:
  x: 0.99998567094008806
  y: -0.0053533087433751802
  z: -3.2779562087109771e-19
  w: 6.1231462555499859e-17