position:
  x: 0.272023939342381
  y: 0.420974575776215
  z: 0.23400000000000001
orientation:
  x: 0.12587873840602209
  y: 0.99204563565256831
  z: 1.6026939442680334e-15
  w: 2.0336271286826788e-16