position:
  x: 0.65495282902897622
  y: -0.24661848247788484
  z: 0.29800000000000004
orientation:
  x: 0.70710678118653858
  y: -0.70710678118655645
  z: -4.3297802811775213e-17
  w: 4.3297802811774116e-17