position:
  x: -0.41859235486806889
  y: 0.41158413679463951
  z: 0.42300000000000004
orientation:
  x: 0.99880278708556591
  y: -0.048918222679341768
  z: -2.9953772412116679e-18
  w: 6.1159031809189679e-17