position:
  x: 0.0538138186615
  y: 0.66398020194528895
  z: 0.23499999999999999
orientation:
  x: 0.68407556971093364
  y: -0.72941114258329065
  z: -1.1783962139311091e-15
  w: 1.1051545751483796e-15