position:
  x: 0.76189238387138436
  y: 0.18916602765344698
  z: 0.25900000000000001
orientation:
  x: 0.78454447463489907
  y: 0.62007255004543638
  z: 3.7968493182614035e-17
  w: 4.803949398251855e-17