position:
  x: 0.59447888318121567
  y: -0.43463922117510917
  z: 0.23499999999999999
orientation:
  x: -0.65587827362026319
  y: 0.75486667047426537
  z: -2.138363242054985e-16
  w: 1.857951935658903e-16