position:
  x: 0.71409107854167675
  y: -0.46432779268374447
  z: 0.315
orientation:
  x: 0.97095407928344901
  y: 0.23926591049046228
  z: 1.4650811571361087e-17
  w: 5.9453790265677067e-17