position:
  x: 0.63010845667370152
  y: -0.78234377735221783
  z: 0.35099999999999998
orientation:
  x: 0.9872147560734732
  y: -0.15939581359243035
  z: -9.7601786456729009e-18
  w: 6.0449469554820706e-17