position:
  x: 0.4501841470067332
  y: -0.55401450447546385
  z: 0.24299999999999999
orientation:
  x: 0.90469163837819133
  y: 0.42606694244987364
  z: 2.6089075864686865e-17
  w: 5.5396385957761339e-17