position:
  x: 0.74955185160627502
  y: 0.18149708430365
  z: 0.27300000000000002
orientation:
  x: 0.83988003638696196
  y: 0.54277207415142081
  z: 8.768724795488496e-16
  w: 1.3568636359591999e-15