position:
  x: -0.19787085896182763
  y: 0.33048263520085597
  z: 0.24100000000169394
orientation:
  x: 6.123233995736766e-17
  y: 1
  z: 6.123233995736766e-17
  w: 3.749399456654644e-33