position:
  x: 0.056179936818931901
  y: 0.43353684566484901
  z: 0.255
orientation:
  x: 0.9929074072552545
  y: -0.11889020404410164
  z: -1.9207242409663159e-16
  w: 1.6040861747051533e-15