position:
  x: -0.41314576517243334
  y: 0.50358940834213362
  z: 0.33099999999999996
orientation:
  x: 0.1246171782082897
  y: 0.99220489763727904
  z: 6.0755027599491047e-17
  w: 7.6306014205778632e-18