position:
  x: -0.61960116871159698
  y: -0.77510278323008197
  z: 0.24325824613844699
orientation:
  x: 0.91276188379504841
  y: -0.408492036018959
  z: -6.5993709248935004e-16
  w: 1.4746075091139577e-15