position:
  x: 0.57269935669908079
  y: -0.49592444664561114
  z: 0.24299999999999999
orientation:
  x: 0.72386263664402628
  y: 0.68994411604908867
  z: 4.2246892665503321e-17
  w: 4.4323803049423518e-17