position:
  x: 0.089974602889748789
  y: -0.61217428376166561
  z: 0.29699999999999843
orientation:
  x: -0.34231532246312057
  y: 0.93958513185712433
  z: -1.4173322657567237e-14
  w: 9.9251603662493581e-15