position:
  x: 0.66931988803396569
  y: 0.21764721599541004
  z: 0.252
orientation:
  x: 0.54277207415142137
  y: -0.83988003638696163
  z: -5.1427819911452757e-17
  w: 3.32352041638054e-17