position:
  x: 0.90718885592091425
  y: -0.17410229723234621
  z: 0.26099999999999995
orientation:
  x: -0.84316036066770028
  y: 0.53766216734926919
  z: -9.6834937872096505e-17
  w: 2.742212194698742e-16