position:
  x: 0.68700794096835238
  y: -0.68054694271277572
  z: 0.22299999999999998
orientation:
  x: 0.090683581424705922
  y: 0.99587975582395927
  z: 6.0980047765272967e-17
  w: 5.5527678863492243e-18