position:
  x: -0.52882660420880501
  y: -0.15369568562417901
  z: 0.271000000001694
orientation:
  x: 0.30193928848089585
  y: 0.95332715584507
  z: 1.5401425142847518e-15
  w: 4.8779637931334689e-16