position:
  x: 0.83636132570295896
  y: 0.0081934578345667312
  z: 0.25800000000000001
orientation:
  x: 0.70710678118653825
  y: -0.7071067811865569
  z: -4.3297802811775237e-17
  w: 4.3297802811774097e-17