position:
  x: 0.57489187192683322
  y: -0.49797209822145921
  z: 0.24199999999999999
orientation:
  x: 0.72386263664402628
  y: 0.68994411604908867
  z: 4.2246892665503321e-17
  w: 4.4323803049423518e-17