position:
  x: 0.28455848394899352
  y: 0.87478262299712561
  z: 0.22499999999999998
orientation:
  x: 0.68407556971094452
  y: -0.72941114258328044
  z: -4.4663551051351404e-17
  w: 4.1887547841070513e-17