position:
  x: 0.59732238144104
  y: -0.52966399760142102
  z: 0.29100000000000004
orientation:
  x: 0.92180560147938229
  y: 0.38765246430434869
  z: 6.2626983547231247e-16
  w: 1.4892180381515833e-15