position:
  x: 0.69795282902897859
  y: -0.138068482477885
  z: 0.27600000000000002
orientation:
  x: 0.70710678118653902
  y: -0.70710678118655601
  z: -4.3297802811775182e-17
  w: 4.3297802811774147e-17