position:
  x: 0.73146368984982635
  y: 0.20586079264021459
  z: 0.31
orientation:
  x: 0.54277207415142137
  y: -0.83988003638696163
  z: -5.1427819911452757e-17
  w: 3.32352041638054e-17