position:
  x: 0.65207980495744067
  y: 0.74037040496678619
  z: 0.24099999999999999
orientation:
  x: 0.031622308443339568
  y: -0.99949988974922566
  z: -6.120171703647608e-17
  w: 1.9363079408393061e-18