position:
  x: 0.064098470071523042
  y: -0.33520541090992984
  z: 0.26100000000000001
orientation:
  x: -0.59557014272023556
  y: 0.80330330828411156
  z: -2.0796573112606054e-16
  w: 1.9513635208154274e-16