position:
  x: 0.083418078445730806
  y: 0.91378042846482599
  z: 0.248
orientation:
  x: 0.45676124764336357
  y: 0.88958932246923794
  z: 1.4371712033883383e-15
  w: 7.3791815544129511e-16