position:
  x: -0.20780404861172699
  y: -0.92551110693642002
  z: 0.248
orientation:
  x: 0.030163481646252394
  y: 0.99954497866528058
  z: 1.6148094671840297e-15
  w: 4.8730449119599963e-17