position:
  x: 0.25265775761368803
  y: 0.42596967389849999
  z: 0.27000000000000002
orientation:
  x: 0.12587873840601724
  y: 0.99204563565256887
  z: 1.6026939442680344e-15
  w: 2.0336271286826004e-16