position:
  x: 0.64327324366129357
  y: -0.49364345179713642
  z: 0.253
orientation:
  x: -0.9858786561574574
  y: -0.16746126517247475
  z: 6.3119534681220759e-16
  w: 1.8011970583313509e-16