position:
  x: 0.049718290018507097
  y: 0.88183893101056898
  z: 0.22900000000000001
orientation:
  x: 0.45676124764336357
  y: 0.88958932246923794
  z: 1.4371712033883383e-15
  w: 7.3791815544129511e-16