position:
  x: -0.44814028189824717
  y: -0.94918619888646838
  z: 0.27699999999999991
orientation:
  x: -0.96943582410949258
  y: 0.24534502834406274
  z: -2.6084102968433699e-16
  w: 2.2619433861197418e-16