position:
  x: 0.65451386782285959
  y: -0.77630304358944247
  z: 0.27299999999999974
orientation:
  x: 0.99284206362520955
  y: -0.11943465450377175
  z: -9.8336781693361353e-15
  w: -2.8101413420188711e-15