position:
  x: 0.16595970577398739
  y: -0.25037051774283331
  z: 0.36799999999999983
orientation:
  x: -0.54295629012257784
  y: 0.83976095825915076
  z: -1.558848090021487e-15
  w: 1.7913387155551903e-15