position:
  x: -0.27822676021520981
  y: -0.59210402685189323
  z: 0.36300000000000032
orientation:
  x: 0.98284957124253081
  y: 0.18440911124012679
  z: 1.0738729426858179e-15
  w: 1.4422477874157673e-15