position:
  x: 0.24772140734740911
  y: 0.43286276728615353
  z: 0.29399999999999998
orientation:
  x: 0.12587873840601482
  y: 0.9920456356525692
  z: 6.0745275615501019e-17
  w: 7.7078497034816519e-18