position:
  x: -0.34192875113335702
  y: -0.99596798604994197
  z: 0.22900000000000001
orientation:
  x: 0.99382817404556834
  y: -0.11093043078096938
  z: -1.7921305558766469e-16
  w: 1.6055737144975624e-15