position:
  x: -0.50842605707397104
  y: 0.684705215772478
  z: 0.26200000000029899
orientation:
  x: 1
  y: 0
  z: 0
  w: 1.6155445744325867e-15