position:
  x: -0.37712661805116698
  y: -0.87170488259599599
  z: 0.2490000000008
orientation:
  x: 0.98989243992235487
  y: -0.14182015859731326
  z: -2.2911678776705841e-16
  w: 1.5992153605883958e-15