position:
  x: 0.29996528882435619
  y: -0.82325476113028895
  z: 0.313
orientation:
  x: 0.69101120128239091
  y: -0.72284404936491453
  z: -4.4261432566872698e-17
  w: 4.2312232791272372e-17