position:
  x: -0.39634551419456349
  y: 0.54189194603173507
  z: 0.31399999999966327
orientation:
  x: 0.81924661588739589
  y: 0.57344135040738875
  z: 3.5113155713757222e-17
  w: 5.0164387292940027e-17