position:
  x: -0.067938622424987466
  y: -0.81612931941634037
  z: 0.24100000000000002
orientation:
  x: 0.96725883596265294
  y: 0.25379193102258707
  z: -8.7198897952689217e-17
  w: 3.1574518652279918e-16