position:
  x: -0.631690929033071
  y: 0.24775402846543401
  z: 0.27200000000000002
orientation:
  x: 1.1607551796058996e-14
  y: 1
  z: 1.6155445744325867e-15
  w: 1.8752517326568338e-29