position:
  x: -0.17021045958463135
  y: -0.62006917130503936
  z: 0.25899999999999329
orientation:
  x: -0.93608880605558431
  y: -0.35176376615198823
  z: 7.839769713776493e-14
  w: 3.3938737913111129e-14