position:
  x: -0.47422494820295102
  y: -0.19260325097525499
  z: 0.34500000000169401
orientation:
  x: 0.34312233910731971
  y: 0.93929072198415842
  z: 1.0659788342909685e-15
  w: 1.7902668393720083e-15