position:
  x: 0.57352688161798404
  y: 0.57685565969089403
  z: 0.217
orientation:
  x: 1
  y: 0
  z: 0
  w: 1.6155445744325867e-15