position:
  x: 0.95025275722025304
  y: 0.17647943053318901
  z: 0.28799999999999998
orientation:
  x: 0.82572393098234809
  y: 0.5640744541308873
  z: 9.1128742394717808e-16
  w: 1.3339938166776801e-15