position:
  x: 0.77460147703542548
  y: 0.41950517116007086
  z: 0.23700000000000002
orientation:
  x: 0.56407445413087842
  y: -0.82572393098235408
  z: -5.0561008452845495e-17
  w: 3.4539598736608539e-17