position:
  x: -0.472932028988925
  y: -0.82670922123829504
  z: 0.26700000000000002
orientation:
  x: 0.38742751030558181
  y: 0.9219001704406059
  z: 1.5021154390368189e-15
  w: 5.9558004794517413e-16