position:
  x: 0.9009121306475989
  y: -0.58642878029593526
  z: 0.33300000000000007
orientation:
  x: 0.70719416867687324
  y: 0.7070193828951411
  z: 2.1769110827367296e-16
  w: 4.9690697737438867e-16