position:
  x: 0.46204537071508101
  y: -0.11995684303557901
  z: 0.33200000000000002
orientation:
  x: 0.79623317062026921
  y: -0.60498986603412885
  z: -9.7738809565813427e-16
  w: 1.2863501787788321e-15