position:
  x: 0.86851403421425888
  y: -0.46931676118257681
  z: 0.23699999999999971
orientation:
  x: 0.37208949402519409
  y: -0.92819685866526991
  z: 1.4995433990220472e-15
  w: -6.0112716327576856e-16