position:
  x: -0.25787069417980601
  y: -0.30385680772816398
  z: 0.29100000000169401
orientation:
  x: -0.86081993764635001
  y: 0.50890965303335933
  z: -5.9562943124475721e-16
  w: 1.5246196676505673e-15