position:
  x: -0.2523661910932618
  y: -0.79142230999858365
  z: 0.31199999999999961
orientation:
  x: -0.057320160452193777
  y: 0.99835584798494303
  z: -3.8213230313525618e-15
  w: 4.2392594734659553e-15