position:
  x: -0.19470310746080322
  y: -0.44918952055787092
  z: 0.33299999999999996
orientation:
  x: 0.74698963631649029
  y: -0.66483568137981097
  z: -4.0709444458036751e-17
  w: 4.5739923355561763e-17