position:
  x: 0.88064568057937598
  y: 0.334515030540606
  z: 0.28199999999999997
orientation:
  x: 0.78454447463491672
  y: 0.62007255004541406
  z: 1.0017548439804472e-15
  w: 1.2674665693975038e-15