position:
  x: -0.605396355163907
  y: -0.40172376740876298
  z: 0.30600000000169397
orientation:
  x: 0.9983190289537488
  y: 0.057957884958339242
  z: 9.3633546590032991e-17
  w: 1.6128288907790372e-15