position:
  x: 0.60750526608512001
  y: -0.52308116627718704
  z: 0.28899999999999998
orientation:
  x: 0.99707129627292823
  y: 0.076477644763829733
  z: 1.2355304406358784e-16
  w: 1.6108131230161953e-15