position:
  x: -0.29369582105429692
  y: -0.47176218742271558
  z: 0.35099999999999992
orientation:
  x: -0.71158991929112103
  y: 0.70259503753104868
  z: -4.2881769308606011e-17
  w: 9.7983068269188673e-16