position:
  x: 0.22990281086074976
  y: -0.29784559157659546
  z: 0.23999999999999999
orientation:
  x: -0.832502582643733
  y: -0.55402116375777066
  z: 1.2955583643805622e-16
  w: 2.5405358976271981e-16