position:
  x: 0.44531466623183014
  y: -0.59890579944379618
  z: 0.29499999999999987
orientation:
  x: -0.90158220021601876
  y: -0.4326078319374751
  z: 8.2546016037596663e-15
  w: -2.4152044409048774e-15