position:
  x: 0.41030176895133763
  y: -0.7700710967059361
  z: 0.24299999999999999
orientation:
  x: 0.92706839937231023
  y: 0.37489222836071523
  z: 2.2955528374358426e-17
  w: 5.6766567394097997e-17