position:
  x: -0.21167650043307129
  y: 0.51020975292721826
  z: 0.31299999999939465
orientation:
  x: 0.56563643191902846
  y: 0.82465473192476757
  z: 5.0495538892669263e-17
  w: 3.4635242291538397e-17