position:
  x: 0.3320822702043425
  y: 0.1639990648132153
  z: 0.23999999999999999
orientation:
  x: 0.31552907983367234
  y: -0.9489159076437258
  z: -5.8104341447794711e-17
  w: 1.9320583882810824e-17