position:
  x: -0.30013444023981978
  y: -0.45815770206394546
  z: 0.23999999999999999
orientation:
  x: 0.50098232143707067
  y: 0.86545751692819883
  z: 5.2993988895206751e-17
  w: 3.0676319818865953e-17