position:
  x: 0.088414463378842498
  y: 0.46789784695865499
  z: 0.254
orientation:
  x: 0.9929074072552545
  y: -0.11889020404410164
  z: -1.9207242409663159e-16
  w: 1.6040861747051533e-15