position:
  x: -0.66461136579661195
  y: -0.45980480880889202
  z: 0.272000000001694
orientation:
  x: -0.83472992002678792
  y: -0.55065956871017163
  z: 9.4453278979249889e-16
  w: 1.3123149530062131e-15