position:
  x: 0.59851157091240315
  y: -0.53456106958220995
  z: 0.23700000000000002
orientation:
  x: 0.99998582757985699
  y: 0.0053239683910126321
  z: 3.2599904244076518e-19
  w: 6.1231472146919447e-17