position:
  x: 0.179140361180888
  y: 0.98070005047739495
  z: 0.246
orientation:
  x: 0.45676124764336357
  y: 0.88958932246923794
  z: 1.4371712033883383e-15
  w: 7.3791815544129511e-16