position:
  x: -0.16416549908944206
  y: -0.54964035715961512
  z: 0.27200000000169372
orientation:
  x: 0.37567437377421509
  y: -0.92675172775093939
  z: 1.5837146923305118e-15
  w: -3.9351698537624374e-16