position:
  x: 0.075281196742344361
  y: 0.46815598291462274
  z: 0.26000000000000001
orientation:
  x: 0.11889020404410312
  y: 0.99290740725525439
  z: 6.0798043907242243e-17
  w: 7.2799253916293302e-18