position:
  x: 0.51631021182346204
  y: -0.31505060772190102
  z: 0.27800000000000002
orientation:
  x: 0.79623317062026622
  y: -0.60498986603413285
  z: -9.7738809565814078e-16
  w: 1.2863501787788272e-15