position:
  x: -0.41483504878793842
  y: 0.50672288765446394
  z: 0.29499999999999998
orientation:
  x: 0.1738105700722726
  y: 0.98477910504394417
  z: 6.0300328942963072e-17
  w: 1.064282791484927e-17