position:
  x: 0.3726232024847837
  y: 0.1667979785800463
  z: 0.24299999999999997
orientation:
  x: 0.31552907983367234
  y: -0.9489159076437258
  z: -5.8104341447794711e-17
  w: 1.9320583882810824e-17