position:
  x: -0.13439584128328599
  y: 0.59786417467294395
  z: 0.23599999999999999
orientation:
  x: 0.70710678118655346
  y: 0.70710678118654158
  z: 1.1423625238904076e-15
  w: 1.1423625238904267e-15