position:
  x: 0.45377026411961902
  y: -0.206752947538343
  z: 0.234000000000012
orientation:
  x: 0.78993521542761647
  y: -0.61319030930643803
  z: -5.681382910928449e-14
  w: 1.3531236328014608e-13