position:
  x: 0.4961579622758075
  y: -0.050831587971483287
  z: 0.27800000000001057
orientation:
  x: 0.36477065441111356
  y: -0.93109740074843295
  z: 5.9157161815243819e-14
  w: 5.35883300617972e-13