position:
  x: -0.37589939001869516
  y: -0.76986884514864162
  z: 0.315
orientation:
  x: 0.31975933766350478
  y: 0.94749879471004961
  z: 1.00092137671375e-16
  w: -1.0509416266547377e-16