position:
  x: -0.10594438293085549
  y: -0.83640675977940804
  z: 0.223
orientation:
  x: 0.9792207102959527
  y: 0.20279743718176005
  z: 1.2417761615996445e-17
  w: 5.9959975426136803e-17