position:
  x: -0.84949639242694641
  y: 0.23856316521667753
  z: 0.26100000000000001
orientation:
  x: 6.123233995736766e-17
  y: 1
  z: 6.123233995736766e-17
  w: 3.749399456654644e-33