position:
  x: 0.91618620443637933
  y: -0.56232177495844726
  z: 0.27599999999999991
orientation:
  x: -0.68290237781372642
  y: -0.73050964564224508
  z: 1.6200771434791452e-16
  w: 2.4151145499127415e-16