position:
  x: -0.13693424860162476
  y: -0.34014983031316576
  z: 0.27700000000004377
orientation:
  x: 0.45150316100802262
  y: 0.89226951959582457
  z: 1.1070074693370734e-12
  w: -3.6498190686937053e-13