position:
  x: 0.73531797723792303
  y: -0.349406662234865
  z: 0.23699999999999999
orientation:
  x: 0.94529660315987973
  y: 0.32621209673216101
  z: 5.2701018298992091e-16
  w: 1.5271687984644978e-15