position:
  x: 0.34063791878654792
  y: -0.25251900793113902
  z: 0.25900000000000001
orientation:
  x: -0.76091691639521242
  y: 0.64884932483867264
  z: 1.6051535884244073e-16
  w: 2.1734649158808366e-16