position:
  x: 0.098116301403138109
  y: 0.43379332933566694
  z: 0.27800000000000002
orientation:
  x: 0.11889020404410158
  y: 0.9929074072552545
  z: 6.0798043907242243e-17
  w: 7.2799253916292362e-18