position:
  x: -0.43561362475615112
  y: 0.63965139254235115
  z: 0.45699999999999996
orientation:
  x: 0.32153067099572707
  y: -0.94689916443570565
  z: -5.7980851542074507e-17
  w: 1.9688075353130895e-17