position:
  x: -0.74024092903307392
  y: 0.073754028465436244
  z: 0.252
orientation:
  x: 1
  y: -1.3100631690576847e-14
  z: 8.0968113224697501e-31
  w: -6.123233995736766e-17