position:
  x: -0.75619600084395699
  y: -0.45918245910473698
  z: 0.29100000000169401
orientation:
  x: 0.61801091670076558
  y: -0.7861695153328444
  z: -1.3514110001695635e-15
  w: 8.9497843560199601e-16