position:
  x: -0.16994922082991995
  y: -0.65719749218695267
  z: 0.312
orientation:
  x: 0.27845170147481113
  y: -0.96045023293546172
  z: -3.570989005716361e-16
  w: 5.8303047427092483e-16