position:
  x: 0.97724336491361841
  y: -0.22388992590271203
  z: 0.25900000000000001
orientation:
  x: 0.88895678823219315
  y: 0.45799107923179433
  z: 8.6529216227908435e-17
  w: 2.4301215894899051e-17