position:
  x: -0.67652447096605473
  y: -0.52475755990970785
  z: 0.23600000000169372
orientation:
  x: -0.69396220676334497
  y: -0.72001142739830759
  z: 1.1632105550627982e-15
  w: 1.1211268779977869e-15