position:
  x: 0.17173032836542088
  y: -0.24605503470947199
  z: 0.314
orientation:
  x: 0.071698530894908546
  y: -0.9974263484927155
  z: -6.1074749253341829e-17
  w: 4.3902688182008685e-18