position:
  x: 0.45246048652192955
  y: -0.199549170751044
  z: 0.2400000000000122
orientation:
  x: 0.78993521542761636
  y: -0.61319030930643814
  z: -5.7086140309232087e-14
  w: 1.3566316498579806e-13