position:
  x: -0.42272494713629444
  y: 0.64762591649976609
  z: 0.38500000000000001
orientation:
  x: 0.26381299417319726
  y: -0.9645738458538945
  z: -5.9063113643311221e-17
  w: 1.6153886944384268e-17