position:
  x: 0.086891520781336218
  y: -0.91284079795130113
  z: 0.223
orientation:
  x: 0.3457968897681431
  y: 0.93830938982122447
  z: 5.7454879542723426e-17
  w: 2.1173952710483328e-17