position:
  x: 0.15727665300767346
  y: 0.96514392489264567
  z: 0.24199999999999997
orientation:
  x: 0.45676124764336218
  y: 0.88958932246923872
  z: 5.4471635815880792e-17
  w: 2.7968559995049752e-17