position:
  x: -0.011774726010285064
  y: -0.4181920038011217
  z: 0.26000000000000001
orientation:
  x: 0.6260385242805937
  y: -0.779792130068377
  z: -4.7748496804426721e-17
  w: 3.8333803745158081e-17