position:
  x: -0.13439584128328699
  y: 0.48936417467294402
  z: 0.254
orientation:
  x: 0.70710678118655701
  y: 0.70710678118653814
  z: 1.1423625238904019e-15
  w: 1.1423625238904325e-15