position:
  x: 0.61321249318322402
  y: 0.72062216273226898
  z: 0.26700000000000002
orientation:
  x: 1
  y: 0
  z: 0
  w: 1.6155445744325867e-15