position:
  x: 0.93682716780276631
  y: 0.31121028992958027
  z: 0.27400000000000002
orientation:
  x: 0.8257239309823271
  y: 0.56407445413091795
  z: 3.4539598736610961e-17
  w: 5.0561008452843843e-17