position:
  x: 0.97929955892564902
  y: -0.53294945706732599
  z: 0.23699999999999999
orientation:
  x: 0.92819685866526991
  y: 0.37208949402519403
  z: 6.0112716327576866e-16
  w: 1.4995433990220472e-15