position:
  x: 0.34374486536874072
  y: -0.20071889446001556
  z: 0.27599999999999997
orientation:
  x: -0.075129192001191725
  y: -0.99717380857564042
  z: 5.1377906282496347e-16
  w: -9.324571247952087e-17