position:
  x: -0.12116598993237607
  y: -0.62544928639048591
  z: 0.23600000000169372
orientation:
  x: -0.935407764675105
  y: -0.35357080448691369
  z: 5.7120939486659808e-16
  w: 1.5111929391029798e-15