position:
  x: -0.49489085382653603
  y: -0.61069028255393898
  z: 0.25500000000169398
orientation:
  x: -0.83989527404991082
  y: 0.54274849481930876
  z: -1.0426070210243983e-15
  w: 1.2497643640999634e-15