position:
  x: -0.51108380262523179
  y: -0.63051312352465505
  z: 0.2630000000000039
orientation:
  x: 0.88721942566267198
  y: 0.46134768962984785
  z: 2.4231980970339314e-14
  w: 7.7404492106730434e-15