position:
  x: 0.34316545966537831
  y: -0.25413502632116813
  z: 0.22199999999999998
orientation:
  x: 0.760917003812832
  y: -0.64884922232249198
  z: -3.9730556162324457e-17
  w: 4.6592728656808957e-17