position:
  x: -0.40187715055608803
  y: -0.59649024983781496
  z: 0.30600000000169397
orientation:
  x: 0.39267002314603805
  y: 0.91967942943315306
  z: 1.821627077480873e-15
  w: -1.5221018489301866e-16