position:
  x: 0.9036606985953769
  y: 0.30410380955551941
  z: 0.24299999999999997
orientation:
  x: 0.62007255004541495
  y: -0.78454447463491606
  z: -4.8039493982519592e-17
  w: 3.7968493182612722e-17