position:
  x: -0.48319064596890776
  y: -0.64659677995671683
  z: 0.29600000000000004
orientation:
  x: 0.48487302617199346
  y: -0.87458455765626997
  z: -1.1146473824026733e-15
  w: -5.1041658287898056e-16