position:
  x: 0.64507675474552062
  y: -0.78040766246370785
  z: 0.29499999999999205
orientation:
  x: -0.99070771025372761
  y: 0.13600820873688532
  z: 1.5057990189931391e-13
  w: 6.26457991067263e-14