position:
  x: -0.13192303245400497
  y: -0.34291854869029542
  z: 0.26100000000000001
orientation:
  x: 0.45790765659849536
  y: 0.88899976267065139
  z: 5.4435535689868494e-17
  w: 2.8038757297920636e-17