position:
  x: -0.23679204656835889
  y: -0.55742156361005013
  z: 0.26000000000000689
orientation:
  x: 0.31943067908949607
  y: -0.94760964603386311
  z: -5.7535837408345996e-14
  w: 1.1590024838507448e-13