position:
  x: 0.019464656085914901
  y: 0.84815711705286101
  z: 0.23599999999999999
orientation:
  x: 0.45676124764336357
  y: 0.88958932246923794
  z: 1.4371712033883383e-15
  w: 7.3791815544129511e-16