position:
  x: 0.24960291103384799
  y: -0.66775686172955895
  z: 0.23599999999999999
orientation:
  x: 0.96467090359554131
  y: -0.26345786713659142
  z: -4.2562792784410157e-16
  w: 1.5584688444167577e-15