position:
  x: 0.77271918490720093
  y: -0.24206780593841526
  z: 0.21700000000000003
orientation:
  x: 0.91862334287276859
  y: 0.39513434921461815
  z: 2.4195000799942729e-17
  w: 5.6249456823558874e-17