position:
  x: -0.27327560511443894
  y: 0.44069364421994367
  z: 0.33099999999905794
orientation:
  x: 0.83775296345523509
  y: -0.54604942287486358
  z: -3.343588389499806e-17
  w: 5.1297574258583164e-17