position:
  x: 0.25212584933418097
  y: -0.2910994700099
  z: 0.34500000000000003
orientation:
  x: -0.99996445869361716
  y: -0.0084309756007989161
  z: -3.1532266188087615e-16
  w: 1.6182605671959094e-15