position:
  x: 0.77774757487587831
  y: 0.35453325112570572
  z: 0.23400000000000001
orientation:
  x: 0.8257239309823271
  y: 0.56407445413091795
  z: 3.4539598736610961e-17
  w: 5.0561008452843843e-17