position:
  x: -0.46040682032685898
  y: -0.20471511438352
  z: 0.30700000000169397
orientation:
  x: -0.34369269841743383
  y: -0.93908217374974323
  z: 1.4945172264705079e-15
  w: 6.1703402390775863e-16