position:
  x: 0.27103006154557524
  y: -0.18598103551525669
  z: 0.314
orientation:
  x: -0.034383674570631691
  y: -0.99940870664759618
  z: 5.4409725294326093e-17
  w: 1.9936166967358227e-16