position:
  x: -0.36121896154944033
  y: -0.721605929686993
  z: 0.24299999999999999
orientation:
  x: -0.91458549920973364
  y: 0.40439258726549665
  z: -5.4847648948893193e-17
  w: 4.269951505598879e-17