position:
  x: -0.189470844539881
  y: -0.67614289183042298
  z: 0.30600000000169703
orientation:
  x: 0.97494074171968326
  y: 0.22246471660709222
  z: 3.3069790969599116e-14
  w: 2.4857618033540113e-14