position:
  x: -0.18716422895735751
  y: -0.46663472302855002
  z: 0.25900000000000001
orientation:
  x: 0.68533376264605594
  y: -0.72822910802672491
  z: -4.4591172309543037e-17
  w: 4.1964589938605213e-17