position:
  x: 0.66436132570295892
  y: 0.0081934578345665508
  z: 0.27600000000000002
orientation:
  x: 0.7071067811865378
  y: -0.70710678118655723
  z: -4.3297802811775262e-17
  w: 4.3297802811774073e-17