position:
  x: 0.86273126188839278
  y: -0.48537476749824049
  z: 0.27299999999999974
orientation:
  x: 0.35546838358782684
  y: -0.93468830540959358
  z: 8.201253804375359e-16
  w: -2.3883501643635409e-15