position:
  x: 0.32991534729289101
  y: -0.66628765961079695
  z: 0.216
orientation:
  x: 0.40535009981365933
  y: -0.91416152652638827
  z: -1.4768686943347178e-15
  w: 6.5486115449966482e-16