position:
  x: -0.52328149050309769
  y: -0.74567083048329497
  z: 0.31499999999999995
orientation:
  x: -0.58417487930643919
  y: -0.81162781518828397
  z: 4.2208267791659548e-16
  w: -1.0150572871991336e-16