position:
  x: 0.58358374656179002
  y: 0.80445353218699733
  z: 0.24199999999999997
orientation:
  x: 0.031622308443339568
  y: -0.99949988974922566
  z: -6.120171703647608e-17
  w: 1.9363079408393061e-18