position:
  x: 0.251467730939123
  y: 0.44738740358267298
  z: 0.309
orientation:
  x: 0.12587873840601724
  y: 0.99204563565256887
  z: 1.6026939442680344e-15
  w: 2.0336271286826004e-16