position:
  x: 0.789779876115004
  y: 0.42067058106958727
  z: 0.22199999999999998
orientation:
  x: 0.62007255004543671
  y: -0.78454447463489885
  z: -4.8039493982518538e-17
  w: 3.7968493182614053e-17