position:
  x: 0.2519849088362151
  y: 0.86546393818116585
  z: 0.23700000000000002
orientation:
  x: 0.68407556971094452
  y: -0.72941114258328044
  z: -4.4663551051351404e-17
  w: 4.1887547841070513e-17