position:
  x: -0.263032054676751
  y: 0.62199079299435867
  z: 0.47399999999905784
orientation:
  x: 0.43092351464226275
  y: 0.90238845544940316
  z: 5.5255356677681773e-17
  w: 2.6386455144198735e-17