position:
  x: 0.36983684442960119
  y: -0.85194210940385318
  z: 0.27900000000000003
orientation:
  x: 0.9669738597585138
  y: 0.25487556678450407
  z: 4.7415713080014181e-17
  w: 5.0825813661479293e-17