position:
  x: 0.098178299776488148
  y: 0.72211777564698243
  z: 0.27000000000000002
orientation:
  x: 0.68407556971092387
  y: -0.72941114258329987
  z: -4.4663551051352593e-17
  w: 4.188754784106925e-17