position:
  x: -0.3629750641172978
  y: 0.40825491249345364
  z: 0.4570000000003368
orientation:
  x: 0.99998567094008806
  y: -0.0053533087433743805
  z: -3.2779562087104874e-19
  w: 6.1231462555499859e-17