position:
  x: 0.16806308622601385
  y: -0.24500498652437208
  z: 0.31299999999999994
orientation:
  x: -0.54022491690385321
  y: 0.84152067066485359
  z: -2.0284147034663864e-16
  w: 2.0839774544810086e-16