position:
  x: -0.34617775977560988
  y: -0.5173807087252984
  z: 0.23700000000169372
orientation:
  x: 0.064001235645851251
  y: -0.99794981929744553
  z: 1.6122324161219684e-15
  w: -1.0339684900463627e-16