position:
  x: 0.47211748723680858
  y: 0.53867193459662221
  z: 0.25399999999999973
orientation:
  x: -0.12587873840602198
  y: -0.99204563565256831
  z: 1.6026939442680334e-15
  w: 2.0336271286826788e-16