position:
  x: -0.44729659627737856
  y: -0.59005406574724395
  z: 0.27899999999999847
orientation:
  x: -0.99752472450778917
  y: -0.070316598294139263
  z: 2.3044838489846885e-14
  w: 2.0028700919368054e-14