position:
  x: -0.50907206839749808
  y: -0.62828760664155436
  z: 0.24100000000000391
orientation:
  x: 0.88721942566267198
  y: 0.46134768962984785
  z: 2.4231980970339314e-14
  w: 7.7404492106730434e-15