position:
  x: 0.13339088513969843
  y: 0.79850033268522536
  z: 0.29399999999999998
orientation:
  x: 0.68407556971092398
  y: -0.72941114258329975
  z: -4.4663551051352587e-17
  w: 4.1887547841069256e-17