position:
  x: -0.047575789462211984
  y: 0.44295107843270459
  z: 0.27600000000190877
orientation:
  x: 0.70710678118654724
  y: 0.70710678118654779
  z: 4.3297802811774683e-17
  w: 4.3297802811774646e-17