position:
  x: 0.92228156698701369
  y: 0.27394870787904496
  z: 0.31
orientation:
  x: 0.8257239309823271
  y: 0.56407445413091795
  z: 3.4539598736610961e-17
  w: 5.0561008452843843e-17