position:
  x: 0.71145182674515695
  y: -0.398009603770973
  z: 0.27300000000000002
orientation:
  x: -0.95769677928253283
  y: -0.28777921911052523
  z: 2.4439277518603412e-16
  w: 1.6134683188460823e-15