position:
  x: 0.84774790698290259
  y: 0.38138723393413798
  z: 0.21700000000000003
orientation:
  x: 0.56407445413087842
  y: -0.82572393098235408
  z: -5.0561008452845495e-17
  w: 3.4539598736608539e-17