position:
  x: -0.24577182758639457
  y: -0.78892066679568296
  z: 0.24499999999999997
orientation:
  x: 0.075940178984266457
  y: -0.99711237542006148
  z: -6.1055523947419608e-17
  w: 4.6499948559879506e-18