position:
  x: -0.48690636695719514
  y: -0.80618400028510595
  z: 0.27700000000000002
orientation:
  x: 0.42571873598448751
  y: 0.90485554528431233
  z: 3.1234163208187948e-16
  w: 1.5336113136952799e-18