position:
  x: -0.79789552525312546
  y: 0.39606871777663177
  z: 0.22200000000029851
orientation:
  x: 0.70710678118655057
  y: -0.70710678118654458
  z: -4.3297802811774486e-17
  w: 4.3297802811774849e-17