position:
  x: -0.29909158929858271
  y: 0.47418033854269842
  z: 0.35099999999999998
orientation:
  x: 0.12461717820830755
  y: 0.99220489763727682
  z: 6.0755027599490911e-17
  w: 7.6306014205789571e-18