position:
  x: 0.74024085636224102
  y: 0.283754039764404
  z: 0.29700000000000004
orientation:
  x: 1.1607551796058996e-14
  y: 1
  z: 1.6155445744325867e-15
  w: 1.8752517326568338e-29