position:
  x: -0.21349448840889756
  y: 0.54131215849674719
  z: 0.40499999999939468
orientation:
  x: 0.49551275021350433
  y: 0.8686006645034583
  z: 5.3186451176071209e-17
  w: 3.0341405174283499e-17