position:
  x: -0.32815894254327399
  y: 0.69284871367479794
  z: 0.23599999999999999
orientation:
  x: 0.082799860597934663
  y: 0.99656619603765539
  z: 1.6099971110715558e-15
  w: 1.3376686555276785e-16