position:
  x: -0.55914170515793349
  y: -0.43957686156353531
  z: 0.29600000000000004
orientation:
  x: -0.99975567817854805
  y: 0.022103935164388289
  z: 6.4421444203977513e-17
  w: 6.2671619427460503e-17