position:
  x: -0.18493223324279001
  y: -0.25508736868480197
  z: 0.30900000000169403
orientation:
  x: -0.52699526772714766
  y: -0.8498682178980409
  z: 1.3036569033590803e-15
  w: 9.6321169526543298e-16