position:
  x: -0.29549790737114157
  y: 0.48118651178177491
  z: 0.38700000000000001
orientation:
  x: 0.083754658567994425
  y: 0.99648640591237303
  z: 6.1017194369721883e-17
  w: 5.1284937264486906e-18