position:
  x: -0.13711166040477299
  y: -0.407531555499349
  z: 0.235000000001691
orientation:
  x: -0.73598731624807512
  y: -0.67699532518471339
  z: 4.4363267134827592e-14
  w: 2.1166693293771468e-15