position:
  x: 0.24406086123992959
  y: -0.28411635928128565
  z: 0.33099999999999996
orientation:
  x: -0.99996445869361716
  y: -0.008430975600798897
  z: -3.2655497775934768e-16
  w: 2.8604028817772742e-16