position:
  x: -0.51599317530322597
  y: -0.88833573940111898
  z: 0.25300000000169398
orientation:
  x: 0.96106672812628546
  y: -0.2763163840394493
  z: -4.4640143506176333e-16
  w: 1.5526461382920984e-15