position:
  x: -0.42107845150818024
  y: 0.64511811823303877
  z: 0.38500000000000001
orientation:
  x: 0.26381299417319726
  y: -0.9645738458538945
  z: -5.9063113643311221e-17
  w: 1.6153886944384268e-17