position:
  x: 0.61009809098711598
  y: 0.69985565969089403
  z: 0.216
orientation:
  x: 1
  y: 0
  z: 0
  w: 1.6155445744325867e-15