position:
  x: 0.16530391481548412
  y: -0.59071110722458475
  z: 0.222
orientation:
  x: 0.11130869639891246
  y: 0.99378587940560659
  z: 6.0851834812595684e-17
  w: 6.8156919381096333e-18