position:
  x: -0.36432867533183699
  y: -0.70388414397597698
  z: 0.25500000000164902
orientation:
  x: -0.99750789406674067
  y: 0.070554952161673831
  z: 4.7004830931405514e-13
  w: 5.4105758496901891e-13