position:
  x: 0.49855164875770991
  y: -0.76069812110808888
  z: 0.25499999999999973
orientation:
  x: -0.99943597264028117
  y: -0.033581789597564152
  z: 5.4252877984081246e-17
  w: 1.6146333630917614e-15