position:
  x: -0.19450663390580758
  y: -0.44103178332275828
  z: 0.33099999999999996
orientation:
  x: -0.73425553584873371
  y: 0.67887318998137569
  z: -3.3141340350630211e-16
  w: -2.2302226743752637e-16