position:
  x: -0.023000494888510758
  y: 0.82672661283834237
  z: 0.25800000000000001
orientation:
  x: 0.88958932246923783
  y: -0.45676124764336379
  z: -2.796855999504985e-17
  w: 5.4471635815880737e-17