position:
  x: 0.66923337275493111
  y: 0.67469741236357439
  z: 0.25900000000000001
orientation:
  x: 0.031622308443339568
  y: -0.99949988974922566
  z: -6.120171703647608e-17
  w: 1.9363079408393061e-18