position:
  x: -0.36375175277896266
  y: -0.29401689256930136
  z: 0.23999999999999999
orientation:
  x: 0.21423244856823953
  y: 0.97678270765839037
  z: 5.9810690819816637e-17
  w: 1.3117954120629725e-17