position:
  x: -0.2729996606131922
  y: -0.33514393203300452
  z: 0.222
orientation:
  x: 0.95700982461090367
  y: -0.29005550434047522
  z: -1.7760777248281711e-17
  w: 5.8599950923115653e-17