position:
  x: 0.56755410418057672
  y: -0.053673261990013238
  z: 0.222
orientation:
  x: 0.947772582232976
  y: 0.31894691151888699
  z: 1.9529865714476951e-17
  w: 5.8034332957561783e-17