position:
  x: -0.44538088037157658
  y: -0.58774537941769267
  z: 0.27799999999999847
orientation:
  x: -0.99752472450778917
  y: -0.070316598294139263
  z: 2.3044838489846885e-14
  w: 2.0028700919368054e-14