position:
  x: 0.13404336851022075
  y: 0.80142851735344423
  z: 0.29499999999999998
orientation:
  x: 0.68407556971092398
  y: -0.72941114258329975
  z: -4.4663551051352587e-17
  w: 4.1887547841069256e-17