position:
  x: 0.3372044904896721
  y: 0.50479347819938847
  z: 0.29499999999999998
orientation:
  x: 0.12587873840602187
  y: 0.99204563565256831
  z: 6.0745275615500957e-17
  w: 7.7078497034820849e-18