position:
  x: 0.67476733934142918
  y: 0.72332176381623936
  z: 0.27900000000000003
orientation:
  x: 0.031622308443339568
  y: -0.99949988974922566
  z: -6.120171703647608e-17
  w: 1.9363079408393061e-18