position:
  x: 0.88952745332585004
  y: 0.26643560134465338
  z: 0.27800000000000002
orientation:
  x: 0.62007255004543671
  y: -0.78454447463489885
  z: -4.8039493982518538e-17
  w: 3.7968493182614053e-17