position:
  x: 0.76018333115126835
  y: -0.086873812886295532
  z: 0.24099999999999988
orientation:
  x: -0.85360597842347219
  y: 0.52091921984095257
  z: -2.980077617575671e-16
  w: 9.3037397695240238e-16