position:
  x: -0.2642093634306833
  y: -0.67902747956223919
  z: 0.3130000000000005
orientation:
  x: 0.12616676294167226
  y: 0.99200904629384301
  z: 1.0499084874635183e-14
  w: -8.1485916153017699e-15