position:
  x: 0.51788825109931724
  y: -0.69723414076192902
  z: 0.27299999999999974
orientation:
  x: -0.50034240303579169
  y: -0.86582762702767202
  z: 3.3738645689598182e-15
  w: -2.6094941610000498e-15