position:
  x: -0.39560521666309001
  y: -0.67709037270012296
  z: 0.22900000000080001
orientation:
  x: 0.94904285111337705
  y: 0.31514705575428176
  z: 5.0913411607223384e-16
  w: 1.5332210290202495e-15