position:
  x: -0.43286082962205502
  y: -0.92518969684518804
  z: 0.217000000001694
orientation:
  x: 0.97979038490508352
  y: -0.20002700229606046
  z: -3.2315253829941505e-16
  w: 1.5828950404146236e-15