position:
  x: 0.098178299776488107
  y: 0.72211777564698199
  z: 0.254
orientation:
  x: 0.68407556971092265
  y: -0.72941114258330098
  z: -1.1783962139311259e-15
  w: 1.1051545751483618e-15