position:
  x: 0.30127506642204699
  y: -0.83045853791758695
  z: 0.30599999999999999
orientation:
  x: 0.69101120128239213
  y: -0.72284404936491342
  z: -1.1677867821123667e-15
  w: 1.1163593971039127e-15