position:
  x: -0.15823882673820749
  y: -0.3230303695390454
  z: 0.31400000000000017
orientation:
  x: 0.4181759193436243
  y: 0.90836606083732263
  z: 3.2145589854394721e-16
  w: 5.1012483418217006e-16