position:
  x: -0.5984046837568594
  y: -0.60576557889527249
  z: 0.27900000000000019
orientation:
  x: 0.5309984460283923
  y: -0.8473727929992988
  z: 1.2202027152365765e-15
  w: 5.4078421201997691e-15