position:
  x: -0.36220723661542314
  y: 0.6029895892858963
  z: 0.4929999999993947
orientation:
  x: 0.90733149558430271
  y: -0.42041593347630463
  z: -2.5743051362115151e-17
  w: 5.555803059164486e-17