position:
  x: -0.28427641483811528
  y: 0.51428168251293815
  z: 0.54899999999939464
orientation:
  x: 0.91572582330021479
  y: -0.40180370399131943
  z: -2.4603380998925995e-17
  w: 5.6072034920059136e-17