position:
  x: -0.43729378159061261
  y: 0.64213676434785871
  z: 0.47699999999999998
orientation:
  x: 0.32153067099572707
  y: -0.94689916443570565
  z: -5.7980851542074507e-17
  w: 1.9688075353130895e-17