position:
  x: 0.78847904261604518
  y: 0.20368641293089271
  z: 0.27600000000000002
orientation:
  x: 0.78454447463489907
  y: 0.62007255004543638
  z: 3.7968493182614035e-17
  w: 4.803949398251855e-17