position:
  x: -0.10314250311678819
  y: -0.4911053744124883
  z: 0.29600000000000004
orientation:
  x: 0.74637798794326771
  y: 0.66552227544520193
  z: 4.0751486219261486e-17
  w: 4.5702470694438231e-17