position:
  x: -0.25718564583524034
  y: -0.2315093485772379
  z: 0.27799999999999997
orientation:
  x: -0.30605894738637174
  y: -0.95201256332295647
  z: 3.6025692961240732e-16
  w: 5.3046129897097681e-16