position:
  x: -0.065724189813056014
  y: -0.81744724058933205
  z: 0.26300000000000001
orientation:
  x: 0.96725883596265294
  y: 0.25379193102258701
  z: -8.7198897952689155e-17
  w: 3.1574518652279918e-16