position:
  x: -0.36122717791316949
  y: 0.33108452444427983
  z: 0.25900000000169393
orientation:
  x: 6.123233995736766e-17
  y: 1
  z: 6.123233995736766e-17
  w: 3.749399456654644e-33