position:
  x: 0.4732159768107142
  y: 0.54856092498887776
  z: 0.24099999999999999
orientation:
  x: 0.12587873840601196
  y: 0.99204563565256954
  z: 6.0745275615501031e-17
  w: 7.7078497034814778e-18