position:
  x: -0.56730808210784955
  y: -0.56139506807707995
  z: 0.24500000000000002
orientation:
  x: 0.40008119826088689
  y: -0.91647969688266029
  z: -3.4516322271855814e-16
  w: -8.2628578882106378e-17