position:
  x: -0.45222392032750702
  y: -0.600959862915591
  z: 0.247
orientation:
  x: -0.99861261161914028
  y: -0.052657876098453404
  z: 2.6145102270911984e-15
  w: 1.4799232471539447e-15