position:
  x: -0.35414495800389051
  y: 0.60023108273627801
  z: 0.41999999999939464
orientation:
  x: 0.88418684537755088
  y: -0.4671334097035823
  z: -2.8603671748414058e-17
  w: 5.414082950199067e-17