position:
  x: -0.52647259420757697
  y: -0.41278012235781603
  z: 0.273000000001694
orientation:
  x: -0.92595626406598974
  y: 0.37763076812801544
  z: 1.8187524121080819e-16
  w: 1.8189047656299058e-15