position:
  x: 0.72465412015849928
  y: 0.14084456621375788
  z: 0.23700000000000002
orientation:
  x: 0.54277207415142625
  y: -0.83988003638695841
  z: -5.142781991145256e-17
  w: 3.3235204163805702e-17