position:
  x: 0.14284823588331347
  y: 0.9574969281197887
  z: 0.23600000000000002
orientation:
  x: 0.45676124764336518
  y: 0.88958932246923716
  z: 5.4471635815880694e-17
  w: 2.7968559995049937e-17