position:
  x: 0.075784904571373796
  y: 0.69328921310173985
  z: 0.21700000000000003
orientation:
  x: 0.68407556971093419
  y: -0.7294111425832901
  z: -4.4663551051351996e-17
  w: 4.1887547841069885e-17