position:
  x: -0.60915182584418803
  y: -0.62944267611964699
  z: 0.319000000000001
orientation:
  x: 0.56918101721867709
  y: -0.8222122412357481
  z: 1.1306530363192758e-19
  w: 2.9366177309791956e-14