position:
  x: -0.54623208777503895
  y: -0.58995710656314604
  z: 0.23500000000169399
orientation:
  x: 0.65438823355692077
  y: 0.7561587398041848
  z: 1.2216081495004328e-15
  w: 1.0571933602954078e-15