position:
  x: -0.290944292679087
  y: -0.49331678217540997
  z: 0.378999999999663
orientation:
  x: 0.28138269067801541
  y: -0.95959563430999428
  z: -1.5502695206587079e-15
  w: 4.5458627926411065e-16