position:
  x: -0.1910324906423341
  y: 0.49467935548079933
  z: 0.38699999999905788
orientation:
  x: 0.51117570398295742
  y: 0.85947623565606979
  z: 5.2627741046971107e-17
  w: 3.1300484484231188e-17