position:
  x: -0.4006426389261678
  y: -0.74630488661300387
  z: 0.26299999999995571
orientation:
  x: -0.4724743339325842
  y: -0.88134442970666182
  z: 7.6935297032552345e-13
  w: -2.3237575175295751e-13