position:
  x: 0.25644524411334102
  y: -0.96235435910911704
  z: 0.23699999999999999
orientation:
  x: 0.99998794549909253
  y: 0.0049100770364643685
  z: 7.932448316306045e-18
  w: 1.6155250998490482e-15