position:
  x: 0.81169565342213601
  y: 0.16971066094845499
  z: 0.29100000000000004
orientation:
  x: 0.83988003638696196
  y: 0.54277207415142081
  z: 8.768724795488496e-16
  w: 1.3568636359591999e-15