position:
  x: -0.19856685114848568
  y: -0.40096916865831406
  z: 0.24199999999999997
orientation:
  x: -0.8578217016539611
  y: 0.51394739825346181
  z: -1.7360966192292358e-17
  w: 6.0979707613848687e-17