position:
  x: -0.20773116022214005
  y: 0.43458675103594896
  z: 0.25899999999905787
orientation:
  x: 0.6374519746927344
  y: 0.77049009076063624
  z: 4.7178911171238342e-17
  w: 3.9032676020880837e-17