position:
  x: -0.17500784457625301
  y: -0.50225025946076796
  z: 0.32500000000168899
orientation:
  x: -0.85986608897848504
  y: -0.51051964607137701
  z: 7.6797026512301775e-14
  w: 2.0324345878330331e-14