position:
  x: -0.61924914209606097
  y: -0.73781892173839103
  z: 0.28299999999999997
orientation:
  x: 0.76524686798241237
  y: -0.64373692689103079
  z: -1.1406784038799835e-15
  w: 1.1515862410144145e-15