position:
  x: -0.35115023152990898
  y: -0.34918757269681799
  z: 0.29100000000169401
orientation:
  x: 0.62073286850966625
  y: 0.78402213358537365
  z: 7.3572048217002704e-16
  w: 1.6733823597469241e-15