position:
  x: -0.21137175777947459
  y: 0.52565847855262304
  z: 0.3689999999993947
orientation:
  x: 0.52796842017944268
  y: 0.8492640032953378
  z: 5.2002422163335134e-17
  w: 3.2328741791181968e-17