position:
  x: 0.19489577311221645
  y: -0.32450100612654292
  z: 0.22199999999999998
orientation:
  x: 0.99797898839962385
  y: 0.06354477722727038
  z: 3.8909954016954144e-18
  w: 6.1108588687995647e-17