position:
  x: 0.90338790484462894
  y: -0.58812304772621893
  z: 0.31200000000000006
orientation:
  x: 0.70719416867687324
  y: 0.7070193828951411
  z: 2.1769110827367296e-16
  w: 4.9690697737438867e-16