position:
  x: 0.68038346460478538
  y: -0.68697438907073471
  z: 0.27699999999999764
orientation:
  x: -0.4714726203289778
  y: 0.88188069957343296
  z: -1.6483391008510409e-14
  w: 1.545205153928018e-14