position:
  x: 0.73744438349986396
  y: -0.34446570606029397
  z: 0.23499999999999999
orientation:
  x: 0.67671443450214186
  y: 0.73624559362786435
  z: 1.1671767165678259e-15
  w: 1.1174814978356912e-15