position:
  x: -0.43062130281820266
  y: 0.64490063258674013
  z: 0.44
orientation:
  x: 0.29490131248222989
  y: -0.95552771592259855
  z: -5.8509197940059582e-17
  w: 1.8057497419785811e-17