position:
  x: -0.78199490437115993
  y: 0.55806871777663236
  z: 0.27900000000029851
orientation:
  x: 3.1698568089078059e-15
  y: 1
  z: 6.123233995736766e-17
  w: 1.9409774973921938e-31