position:
  x: -0.610838159328293
  y: -0.77501574470619194
  z: 0.32100000000000001
orientation:
  x: 0.81087799086697365
  y: -0.58521524580921525
  z: -9.4544131524231026e-16
  w: 1.3100095386719359e-15