position:
  x: -0.68380217364178231
  y: -0.34199225059980209
  z: 0.24099999999999999
orientation:
  x: 0.10536525188464585
  y: 0.99443358938407
  z: 5.3959410950175177e-17
  w: 7.1876535287232272e-17