position:
  x: -0.49832902465841522
  y: -0.73839899489722116
  z: 0.33099999999999996
orientation:
  x: 0.81738564762291066
  y: -0.57609088090341687
  z: -3.5275392665817429e-17
  w: 5.0050435851519193e-17