position:
  x: 0.16748463938372599
  y: 0.23772286674624599
  z: 0.23499999999999999
orientation:
  x: 0.9929074072552545
  y: -0.11889020404410164
  z: -1.9207242409663159e-16
  w: 1.6040861747051533e-15