position:
  x: -0.25287838068453705
  y: -0.30914886654212748
  z: 0.27300000000169372
orientation:
  x: 0.86450362240570944
  y: -0.5026265878834969
  z: 1.3807811838158102e-15
  w: -1.0659611082173582e-15