position:
  x: -0.10227487744428329
  y: -0.48823357607478923
  z: 0.29600000000000004
orientation:
  x: 0.74637798794326782
  y: 0.66552227544520193
  z: 4.0751486219261486e-17
  w: 4.5702470694438237e-17