position:
  x: 0.082258158806484405
  y: 0.91294867872143304
  z: 0.28400000000000003
orientation:
  x: 0.45676124764336357
  y: 0.88958932246923794
  z: 1.4371712033883383e-15
  w: 7.3791815544129511e-16