position:
  x: -0.31545923983772456
  y: -0.42404151626319675
  z: 0.27799999999999991
orientation:
  x: 0.93294912661069873
  y: -0.36000823206745497
  z: 3.0911728574450738e-16
  w: 6.6092169418697401e-16