position:
  x: -0.14839685340845701
  y: -0.36063167811019298
  z: 0.34500000000169401
orientation:
  x: 0.66976357476872739
  y: 0.74257440968095267
  z: 1.111533235945019e-15
  w: 1.179742326510959e-15