position:
  x: 0.78595639395643513
  y: -0.18380553787336312
  z: 0.253
orientation:
  x: 0.90422010006871434
  y: 0.42706675196241184
  z: 8.5639835765845003e-17
  w: 2.727036642558596e-17