position:
  x: 0.60943357392197228
  y: 0.33463983011210013
  z: 0.23700000000000002
orientation:
  x: 0.56407445413087842
  y: -0.82572393098235408
  z: -5.0561008452845495e-17
  w: 3.4539598736608539e-17