position:
  x: 0.66766427965126596
  y: -0.68945848960808487
  z: 0.26099999999999968
orientation:
  x: -0.45288792297429353
  y: 0.89156745635090917
  z: -2.3173316908190646e-15
  w: 4.7610204901625201e-16