position:
  x: 0.696808156063633
  y: 0.417345354823489
  z: 0.22900000000000001
orientation:
  x: 0.62007255004543493
  y: -0.78454447463490029
  z: -1.2674665693974774e-15
  w: 1.001754843980481e-15