position:
  x: 0.23281865447436151
  y: 0.86377962277268105
  z: 0.27800000000000002
orientation:
  x: 0.68407556971094452
  y: -0.72941114258328044
  z: -4.4663551051351404e-17
  w: 4.1887547841070513e-17