position:
  x: -0.79725073219617604
  y: -0.0074417358945927303
  z: 0.23700000000169399
orientation:
  x: 0.2003124102765545
  y: 0.97973207474757984
  z: 1.5828008377560341e-15
  w: 3.2361362761380195e-16