position:
  x: 0.4260304475120022
  y: 0.53448798190486957
  z: 0.27900000000000003
orientation:
  x: 0.12587873840602187
  y: 0.99204563565256831
  z: 6.0745275615500957e-17
  w: 7.7078497034820849e-18