position:
  x: 0.50319691028876057
  y: 0.47643742783565185
  z: 0.22299999999999998
orientation:
  x: 0.99204563565256954
  y: -0.12587873840601199
  z: -7.7078497034814794e-18
  w: 6.0745275615501031e-17