position:
  x: -0.30831294680843102
  y: -0.62137560830432204
  z: 0.34200000000000003
orientation:
  x: 0.053231175215181233
  y: -0.99858221593678043
  z: -1.5642242340341578e-15
  w: 1.0057653691154248e-15