position:
  x: 0.71575056338085974
  y: -0.14273899892766478
  z: 0.29100000000000004
orientation:
  x: -0.83205431765727456
  y: 0.55469416119866199
  z: -1.571320673284619e-16
  w: 2.3570180508216187e-16