position:
  x: 0.71153364773178529
  y: -0.46275949817931727
  z: 0.29499999999999998
orientation:
  x: 0.97095407928344901
  y: 0.23926591049046228
  z: 1.4650811571361087e-17
  w: 5.9453790265677067e-17