position:
  x: 0.10411913865087896
  y: -0.30167400636806724
  z: 0.27700000000000008
orientation:
  x: 0.57803041120608434
  y: -0.81601522272622151
  z: -4.4142507337570779e-16
  w: 6.3518556817582866e-16