position:
  x: 0.30146638757926009
  y: -0.67474598397719598
  z: 0.29699999999999999
orientation:
  x: -0.99284056619977967
  y: -0.11944710171494746
  z: -7.0280741011988901e-17
  w: 5.174208207406395e-16