position:
  x: 0.28069496081168965
  y: -0.93744701211354764
  z: 0.25899999999998952
orientation:
  x: -0.99860061996065053
  y: -0.052884797571744781
  z: 1.4496037766396135e-13
  w: 3.0184855032153075e-14