position:
  x: 0.51967928132471142
  y: -0.24351924557607327
  z: 0.24299999999999997
orientation:
  x: 0.92482467884095398
  y: 0.38039362955591988
  z: 2.3292392042585065e-17
  w: 5.6629179135752657e-17