position:
  x: -0.59640501445172489
  y: -0.60352921517930314
  z: 0.27900000000000019
orientation:
  x: 0.5309984460283923
  y: -0.8473727929992988
  z: 1.2202027152365765e-15
  w: 5.4078421201997691e-15