position:
  x: 0.44474079829492469
  y: -0.60284887342063609
  z: 0.33299999999999996
orientation:
  x: -0.56193749866231224
  y: -0.82717969486511445
  z: 1.9735051019813484e-16
  w: 2.1360491222060786e-16