position:
  x: 0.29937400630172561
  y: -0.92830400527649659
  z: 0.29599999999999993
orientation:
  x: -0.85743049993449771
  y: -0.51459978408669904
  z: 9.0804745662035713e-17
  w: 5.3484620308087092e-16