position:
  x: -0.047050528599781954
  y: 0.51199741951089284
  z: 0.2590000000010646
orientation:
  x: 0.70710678118654524
  y: 0.70710678118654979
  z: 4.3297802811774806e-17
  w: 4.3297802811774523e-17