position:
  x: -0.41161209716481301
  y: -0.58046480399688605
  z: 0.273000000001694
orientation:
  x: 0.50891649432552155
  y: 0.86081589309411644
  z: 1.3906864456735414e-15
  w: 8.2217728124684868e-16