position:
  x: -0.61789552525312563
  y: 0.23406871777663207
  z: 0.24300000000186636
orientation:
  x: 1
  y: 0
  z: 0
  w: 6.123233995736766e-17