position:
  x: -0.034448343064846017
  y: -0.63553295876350302
  z: 0.25899999999999995
orientation:
  x: -0.85956923994224432
  y: -0.51101929684221559
  z: -5.2806468075303695e-17
  w: 6.192714318485377e-16