position:
  x: 0.89242016626907095
  y: 0.26723071883793498
  z: 0.26500000000000001
orientation:
  x: 0.62007255004543493
  y: -0.78454447463490029
  z: -1.2674665693974774e-15
  w: 1.001754843980481e-15