position:
  x: 0.033041230160122601
  y: 0.86446945159871602
  z: 0.23499999999999999
orientation:
  x: 0.45676124764336357
  y: 0.88958932246923794
  z: 1.4371712033883383e-15
  w: 7.3791815544129511e-16