position:
  x: 0.34430629532153301
  y: -0.74501609750435105
  z: 0.32600000000000001
orientation:
  x: 0.80033868929206065
  y: -0.59954814854377336
  z: -9.6859675849099566e-16
  w: 1.2929828271942764e-15