position:
  x: -0.40882298139235407
  y: -0.72839657821589932
  z: 0.24299999999999633
orientation:
  x: -0.55472989000787076
  y: -0.83203049771739468
  z: 3.032773272622699e-14
  w: -6.1507320836523077e-15