position:
  x: -0.28533493324148568
  y: -0.91199637822567281
  z: 0.24099999999999999
orientation:
  x: 0.081485407322939948
  y: 0.99667453483743351
  z: 6.1028713944017012e-17
  w: 4.9895421627628354e-18