position:
  x: -0.19815682535732088
  y: 0.4575522834812813
  z: 0.31499999999905792
orientation:
  x: 0.5870395503236927
  y: 0.80955825383708901
  z: 4.9571146214245576e-17
  w: 3.594580531384059e-17