position:
  x: -0.56561348901364605
  y: -0.46488819936780701
  z: 0.273000000001694
orientation:
  x: -0.20878609574447995
  y: 0.9779613316608059
  z: -1.8134562846845002e-15
  w: -7.5649457442522545e-16