position:
  x: 0.10762629370834498
  y: 0.92941907785077027
  z: 0.26300000000000001
orientation:
  x: 0.88958932246923716
  y: -0.45676124764336512
  z: -2.796855999504993e-17
  w: 5.4471635815880694e-17