position:
  x: 0.31309068679587615
  y: 0.62040372123885279
  z: 0.22299999999999998
orientation:
  x: 0.11889020404410819
  y: 0.99290740725525373
  z: 6.0798043907242194e-17
  w: 7.2799253916296399e-18