position:
  x: -0.14937497608716499
  y: -0.55945145361673798
  z: 0.24325824613844699
orientation:
  x: 0.35357080448691364
  y: -0.935407764675105
  z: -1.5111929391029798e-15
  w: 5.7120939486659818e-16