position:
  x: -0.6185071630797242
  y: -0.7117993487427885
  z: 0.31200000000000006
orientation:
  x: 0.72235852019649438
  y: -0.69151874038201666
  z: -1.0732835483838054e-15
  w: -2.052932484912718e-17