position:
  x: -0.20620976222593726
  y: -0.67377257120132317
  z: 0.2430000000000001
orientation:
  x: 0.17515797659761356
  y: -0.98454034109031296
  z: -3.937950944394667e-16
  w: 6.7147608971584859e-16