position:
  x: 0.18273467625635639
  y: 0.84128456802052953
  z: 0.314
orientation:
  x: 0.68407556971092398
  y: -0.72941114258329975
  z: -4.4663551051352587e-17
  w: 4.1887547841069256e-17