position:
  x: 0.68906053055212746
  y: -0.6827348357633104
  z: 0.24199999999999997
orientation:
  x: 0.090683581424705922
  y: 0.99587975582395927
  z: 6.0980047765272967e-17
  w: 5.5527678863492243e-18