position:
  x: 0.037227373523194364
  y: 0.6927631483192519
  z: 0.27800000000000002
orientation:
  x: 0.68407556971093419
  y: -0.7294111425832901
  z: -4.4663551051351996e-17
  w: 4.1887547841069885e-17