position:
  x: 0.62336240955589262
  y: 0.24107273959465869
  z: 0.21700000000000003
orientation:
  x: 0.8257239309823271
  y: 0.56407445413091795
  z: 3.4539598736610961e-17
  w: 5.0561008452843843e-17