position:
  x: 0.17994306546777736
  y: 0.9761236780679412
  z: 0.23600000000000002
orientation:
  x: 0.45676124764336218
  y: 0.88958932246923872
  z: 5.4471635815880792e-17
  w: 2.7968559995049752e-17