position:
  x: -0.56197219784714758
  y: -0.85929503614544878
  z: 0.31299999999999994
orientation:
  x: -0.89731141324960095
  y: 0.44139803766215796
  z: -3.0214291714133589e-16
  w: 1.6706758874245263e-16