position:
  x: 0.64755325968653898
  y: 0.67462216273226905
  z: 0.26700000000000002
orientation:
  x: 1
  y: 0
  z: 0
  w: 1.6155445744325867e-15