position:
  x: -0.47418278581664097
  y: -0.37189207747653003
  z: 0.216000000001694
orientation:
  x: 0.41627706358951394
  y: 0.90923781615663779
  z: 1.4689142207607899e-15
  w: 6.7251415154276817e-16