position:
  x: -0.601772265116024
  y: -0.30812638666803799
  z: 0.25500000000169398
orientation:
  x: 0.082461990215523265
  y: -0.99659421038339113
  z: -1.6181802539574767e-15
  w: 3.4870635238422469e-17