position:
  x: -0.36403970800025254
  y: 0.60118287741983223
  z: 0.54799999999939464
orientation:
  x: 0.91572582330022545
  y: -0.401803703991295
  z: -2.46033809989245e-17
  w: 5.607203492005979e-17