position:
  x: 0.14692482788942648
  y: -0.91128091536792244
  z: 0.26100000000001378
orientation:
  x: 0.37201991843357546
  y: -0.92822474664742471
  z: -1.1280443681299987e-13
  w: 8.4583388733707663e-14