position:
  x: 0.68870629553981
  y: -0.25754301708792932
  z: 0.23500000000000001
orientation:
  x: -0.78722341492225889
  y: 0.61666789684410939
  z: -1.1863912796035476e-17
  w: 6.8489128731541827e-17