position:
  x: -0.32980607831660103
  y: -0.60576274909976502
  z: 0.25500000000169398
orientation:
  x: 0.9975753245377037
  y: 0.069595056386894713
  z: -1.8829028732709061e-17
  w: 1.6207848590262924e-15