position:
  x: -0.49234368892703612
  y: 0.53304635591191762
  z: 0.27700000000000002
orientation:
  x: 0.54896181206603556
  y: -0.83584743158854935
  z: -5.1180894083522662e-17
  w: 3.3614216300040065e-17