position:
  x: 0.58105598087876109
  y: 0.82885565969089381
  z: 0.22499999999999998
orientation:
  x: 6.123233995736766e-17
  y: 1
  z: 6.123233995736766e-17
  w: 3.749399456654644e-33