position:
  x: 0.38257519195524492
  y: -0.83657194282013481
  z: 0.29699999999997739
orientation:
  x: 0.7345964442242191
  y: 0.67850428453557587
  z: 1.7729098944429677e-14
  w: 4.2621985237286796e-15