position:
  x: -0.65315006960092303
  y: -0.61627106759587102
  z: 0.28800000000169401
orientation:
  x: 0.54856078055652513
  y: 0.8361106804934475
  z: 1.4951355096990412e-15
  w: 6.6619018154643189e-16