position:
  x: -0.3173296397037223
  y: 0.76420716710311754
  z: 0.27700000000029851
orientation:
  x: 1
  y: 0
  z: 0
  w: 6.123233995736766e-17