position:
  x: 0.50108558496461642
  y: 0.4743061593458488
  z: 0.24199999999999997
orientation:
  x: 0.99204563565256954
  y: -0.12587873840601224
  z: -7.7078497034814948e-18
  w: 6.0745275615501031e-17