position:
  x: 0.16554511953769482
  y: -0.34910171822942188
  z: 0.33099999999999996
orientation:
  x: -0.99638766516469812
  y: -0.084921261811406676
  z: 6.1403625017127787e-16
  w: 2.3197016562996541e-16