position:
  x: 0.13599008229297596
  y: -0.68255643534183796
  z: 0.315
orientation:
  x: 0.99801780718037103
  y: -0.062932158320557818
  z: -3.8534833125352801e-18
  w: 6.1110965652775085e-17