position:
  x: 0.55731997691746615
  y: -0.46187517565045882
  z: 0.21700000000000003
orientation:
  x: 0.71321988767805922
  y: 0.70094036252772363
  z: 4.2920218568138103e-17
  w: 4.3672122626658499e-17