position:
  x: -0.141417566041593
  y: -0.38283194324416597
  z: 0.28900000000168002
orientation:
  x: -0.68116200972447971
  y: -0.73213271782382994
  z: 2.2010205330020923e-13
  w: -6.6668951062318675e-15