position:
  x: 0.453314379951057
  y: 0.122096367466481
  z: 0.255
orientation:
  x: 0.31552907983367362
  y: -0.94891590764372546
  z: -1.5330159461865943e-15
  w: 5.0975129300099798e-16