position:
  x: 0.18684687499794947
  y: -0.66010568151736848
  z: 0.25900000000000001
orientation:
  x: 0.9860215644838114
  y: -0.16661774927328979
  z: -1.020239466643353e-17
  w: 6.0376407641768252e-17