position:
  x: 0.28069496081168938
  y: -0.93744701211354753
  z: 0.27799999999998953
orientation:
  x: -0.99860061996065053
  y: -0.052884797571744781
  z: 1.4496037766396135e-13
  w: 3.0184855032153075e-14