position:
  x: -0.32468998204949923
  y: 0.55635329641814912
  z: 0.38699999999905788
orientation:
  x: 0.85947623565607034
  y: -0.51117570398295642
  z: -3.1300484484231126e-17
  w: 5.2627741046971138e-17