position:
  x: -0.35145008090907448
  y: 0.66724820732544832
  z: 0.31499999999966327
orientation:
  x: 0.15734448419512337
  y: -0.98754377791233672
  z: -6.0469616331911391e-17
  w: 9.6345709466524568e-18