position:
  x: -0.61661979937195399
  y: -0.709467427167222
  z: 0.33200000000000007
orientation:
  x: 0.72235852019649438
  y: -0.69151874038201666
  z: -1.0732835483838054e-15
  w: -2.052932484912718e-17