position:
  x: 0.30754522110263199
  y: 0.87450571829991697
  z: 0.247
orientation:
  x: 0.68407556971094452
  y: -0.72941114258328044
  z: -1.1783962139310926e-15
  w: 1.1051545751483971e-15