position:
  x: -0.4002884938344472
  y: 0.64968667583603368
  z: 0.33300000000000002
orientation:
  x: 0.1831535963855189
  y: -0.98308430977767647
  z: -6.0196552663060829e-17
  w: 1.1214923278292598e-17