position:
  x: -0.034802726300082597
  y: -0.63851195398380522
  z: 0.25799999999999995
orientation:
  x: -0.85956923994224432
  y: -0.51101929684221548
  z: -5.2806468075303793e-17
  w: 6.192714318485377e-16