position:
  x: -0.17609135273739396
  y: -0.62538684140477263
  z: 0.2959999999999996
orientation:
  x: -0.94165302706754661
  y: -0.33658516992661219
  z: 1.1079599170938525e-14
  w: 1.1337706240511819e-16