position:
  x: 0.54998608828706896
  y: -0.147641894502959
  z: 0.23699999999999999
orientation:
  x: 0.92934532054509023
  y: 0.36921169426352607
  z: 5.9647794948450253e-16
  w: 1.5013987903809338e-15