position:
  x: -0.26926745586109502
  y: 0.68299467277593096
  z: 0.314
orientation:
  x: 0.082799860597934663
  y: 0.99656619603765539
  z: 1.6099971110715558e-15
  w: 1.3376686555276785e-16