position:
  x: -0.48628054045351438
  y: 0.48467079178177569
  z: 0.51300000000000001
orientation:
  x: 0.72027159026611209
  y: -0.69369217687352225
  z: -4.2476395200085932e-17
  w: 4.4103914876808401e-17