position:
  x: 0.84091169344127825
  y: 0.28225349605352568
  z: 0.314
orientation:
  x: 0.62007255004541495
  y: -0.78454447463491606
  z: -4.8039493982519592e-17
  w: 3.7968493182612722e-17