position:
  x: -0.39931832093580727
  y: 0.53948190945313157
  z: 0.38699999999966328
orientation:
  x: 0.76384578201024689
  y: 0.64539880795145144
  z: 3.9519279216563117e-17
  w: 4.677206459905279e-17