position:
  x: -0.32335822731163399
  y: 0.553665094543629
  z: 0.36699999999905786
orientation:
  x: 0.85947623565607034
  y: -0.51117570398295642
  z: -3.1300484484231126e-17
  w: 5.2627741046971138e-17