position:
  x: 0.066997957646499906
  y: 0.72112570271916043
  z: 0.26100000000000001
orientation:
  x: 0.6840755697109322
  y: -0.72941114258329198
  z: -4.4663551051352106e-17
  w: 4.1887547841069762e-17