position:
  x: -0.75099476245435104
  y: 0.104375544364133
  z: 0.24900000000169398
orientation:
  x: 6.7225704877083068e-15
  y: -1
  z: -1.6155445744325867e-15
  w: 1.0860612277657784e-29