position:
  x: 0.87539619126390367
  y: 0.22877303517267084
  z: 0.29399999999999998
orientation:
  x: 0.62007255004541495
  y: -0.78454447463491606
  z: -4.8039493982519592e-17
  w: 3.7968493182612722e-17