position:
  x: 0.062466014080380404
  y: 0.72441097608246463
  z: 0.29900000000000004
orientation:
  x: 0.68407556971093419
  y: -0.7294111425832901
  z: -4.4663551051351996e-17
  w: 4.1887547841069885e-17