position:
  x: 0.51352418267785527
  y: 0.87485565969089396
  z: 0.24499999999999997
orientation:
  x: 6.123233995736766e-17
  y: 1
  z: 6.123233995736766e-17
  w: 3.749399456654644e-33