position:
  x: 0.39920245669433702
  y: 0.57114268483865804
  z: 0.218
orientation:
  x: 0.082799860597934663
  y: 0.99656619603765539
  z: 1.6099971110715558e-15
  w: 1.3376686555276785e-16