position:
  x: -0.3951284988384654
  y: -0.3731589232025786
  z: 0.29600000000000004
orientation:
  x: 0.97699214880015883
  y: -0.21327527091261242
  z: -1.305934389302077e-17
  w: 5.9823515391010457e-17