position:
  x: -0.57306197766211098
  y: -0.56891419846605995
  z: 0.28500000000000003
orientation:
  x: 0.4031962212832787
  y: -0.91511354877025253
  z: -1.4784067287055318e-15
  w: 6.5138146772592156e-16