position:
  x: -0.58376403004896538
  y: -0.58058747864118954
  z: 0.27699999999999997
orientation:
  x: -0.46720229392655999
  y: 0.8841504490468578
  z: -6.3120649521972162e-16
  w: -1.1292743436459508e-16