position:
  x: 0.31041091085835354
  y: 0.17742711930612504
  z: 0.24199999999999997
orientation:
  x: 0.31552907983367212
  y: -0.94891590764372591
  z: -5.8104341447794723e-17
  w: 1.9320583882810812e-17