position:
  x: -0.53525551536345062
  y: 0.31264381504927891
  z: 0.24100000000134494
orientation:
  x: 0.70710678118654713
  y: 0.70710678118654791
  z: 4.3297802811774689e-17
  w: 4.329780281177464e-17