position:
  x: -0.23771044985960652
  y: -0.25151532493850853
  z: 0.27599999999999941
orientation:
  x: -0.32047580125163816
  y: -0.94725670270107909
  z: 1.6834183080584606e-14
  w: -1.1459857912526259e-14