position:
  x: 0.71851541504183303
  y: 0.31554661930005601
  z: 0.254
orientation:
  x: 0.82572393098232832
  y: 0.56407445413091617
  z: 9.1128742394722463e-16
  w: 1.3339938166776483e-15