position:
  x: -0.63365505277312895
  y: -0.569418314541007
  z: 0.23700000000169399
orientation:
  x: 0.694162508853709
  y: -0.71981831825949272
  z: -1.1628985786413124e-15
  w: 1.121450474953122e-15