position:
  x: 0.10842899799523513
  y: 0.92484270544131608
  z: 0.23600000000000002
orientation:
  x: 0.88958932246923872
  y: -0.45676124764336212
  z: 2.7968559995049758e-17
  w: -5.4471635815880792e-17