position:
  x: 0.10722596525096199
  y: 0.29455623973242301
  z: 0.23400000000000001
orientation:
  x: 0.9929074072552545
  y: -0.11889020404410164
  z: -1.9207242409663159e-16
  w: 1.6040861747051533e-15