position:
  x: 0.92120763871889477
  y: -0.55113579967366377
  z: 0.27800000000000008
orientation:
  x: 0.93468830540958192
  y: 0.35546838358785732
  z: 5.3226298919019195e-15
  w: -5.3336141226756489e-16