position:
  x: -0.27664532360962979
  y: -0.67302783177052439
  z: 0.27900000000000003
orientation:
  x: 0.27203621275336765
  y: 0.96228701485097701
  z: 5.8923085629915531e-17
  w: 1.6657413860029003e-17