position:
  x: 0.67460621432087753
  y: -0.56526014542491687
  z: 0.34800000000000003
orientation:
  x: 0.7071067811865378
  y: -0.70710678118655723
  z: -4.3297802811775262e-17
  w: 4.3297802811774073e-17