position:
  x: 0.87831461872455097
  y: 0.22946785972386499
  z: 0.32000000000000001
orientation:
  x: 0.62007255004541528
  y: -0.78454447463491572
  z: -1.2674665693975022e-15
  w: 1.0017548439804492e-15