position:
  x: 0.64694863040407602
  y: 0.64912216273226897
  z: 0.22900000000000001
orientation:
  x: 1
  y: 0
  z: 0
  w: 1.6155445744325867e-15