position:
  x: -0.390713689137617
  y: -0.8754408255767282
  z: 0.26000000000000001
orientation:
  x: 0.23250449892594946
  y: 0.97259532076768351
  z: 5.9554287322191843e-17
  w: 1.4236794519851162e-17