position:
  x: 0.645201084041923
  y: 0.61785565969089395
  z: 0.27200000000000002
orientation:
  x: 1
  y: 0
  z: 0
  w: 1.6155445744325867e-15