position:
  x: 0.25513546651564739
  y: -0.95515058232181971
  z: 0.24199999999999997
orientation:
  x: 0.99998794549909265
  y: 0.0049100770364305596
  z: 3.0065550631158036e-19
  w: 6.1231601832070085e-17