position:
  x: 0.091936044913915049
  y: 0.75179178122687207
  z: 0.22199999999999998
orientation:
  x: 0.68407556971092387
  y: -0.72941114258329987
  z: -4.4663551051352593e-17
  w: 4.188754784106925e-17