position:
  x: 0.060917689317128314
  y: -0.67693258285377189
  z: 0.27799999999999575
orientation:
  x: -0.84642884108120975
  y: 0.53250184693193325
  z: 1.2361426542572962e-13
  w: 1.3450355909974996e-13