position:
  x: 0.90718885592091403
  y: -0.17410229723234599
  z: 0.255
orientation:
  x: -0.84316036066770061
  y: 0.53766216734926875
  z: -8.1314483906532294e-16
  w: 1.3975364745073132e-15