position:
  x: -0.89042067412273118
  y: 0.15923292380281054
  z: 0.2770000000000743
orientation:
  x: 0.70710678118654791
  y: 0.70710678118654724
  z: 4.3297802811774646e-17
  w: 4.3297802811774689e-17