position:
  x: 0.964798358036007
  y: 0.21374101258372699
  z: 0.253
orientation:
  x: 0.82572393098232832
  y: 0.56407445413091617
  z: 9.1128742394722463e-16
  w: 1.3339938166776483e-15