position:
  x: 0.11617736804648973
  y: -0.39084536344453347
  z: 0.24299999999999999
orientation:
  x: 0.99346614401887889
  y: 0.11412721274201093
  z: 6.9882762890056354e-18
  w: 6.0832256666699177e-17