position:
  x: -0.57177896268795647
  y: -0.7285717554443103
  z: 0.2540000000016937
orientation:
  x: -0.39700784466726596
  y: -0.91781521630045548
  z: 1.4827713930258718e-15
  w: 6.4138386945937683e-16