position:
  x: 0.48079530984543828
  y: -0.40166949777827876
  z: 0.27599999999999997
orientation:
  x: 0.58582423003375073
  y: 0.81043813552014143
  z: 4.7385939498107136e-16
  w: 5.8606730920897492e-16