position:
  x: 0.96935408690253244
  y: -0.31392547966497197
  z: 0.24299999999999999
orientation:
  x: 0.89052790321619146
  y: 0.45492862472411372
  z: 2.7856344205444668e-17
  w: 5.4529107311255638e-17