position:
  x: -0.40725879180505714
  y: 0.4962259741273134
  z: 0.49399999999999999
orientation:
  x: 0.007183275180001023
  y: -0.99997419994602277
  z: -6.1230760159691612e-17
  w: 4.39848747829144e-19