position:
  x: 0.11978557148329813
  y: 0.52011797945668492
  z: 0.25800000000000001
orientation:
  x: 0.11889020404410158
  y: 0.9929074072552545
  z: 6.0798043907242243e-17
  w: 7.2799253916292362e-18