position:
  x: -0.35414386540757686
  y: 0.38080629158306795
  z: 0.27900000000000003
orientation:
  x: 0.97169640574102756
  y: -0.23623313711240521
  z: -1.4465107760862244e-17
  w: 5.9499244651686855e-17