position:
  x: -0.63504967943722401
  y: -0.55370014374315102
  z: 0.32400000000169399
orientation:
  x: 0.70392366931210426
  y: -0.71027562803617528
  z: -1.7958476683950138e-15
  w: 4.8300371010151336e-16