position:
  x: -0.39067697851818123
  y: -0.75830901872885237
  z: 0.27600000000000002
orientation:
  x: -0.40156901548270096
  y: -0.91582876445559092
  z: 8.2497962956914726e-17
  w: -3.5664274322438676e-17