position:
  x: -0.53112671348472695
  y: -0.74425593675997104
  z: 0.273000000001694
orientation:
  x: -0.96456265481903114
  y: 0.26385390830621136
  z: -5.5318682177862477e-16
  w: 1.5235755418693095e-15