position:
  x: 0.68270260851911202
  y: 0.37958249570941699
  z: 0.28400000000000003
orientation:
  x: 0.62007255004543493
  y: -0.78454447463490029
  z: -1.2674665693974774e-15
  w: 1.001754843980481e-15