position:
  x: -0.36660751189161306
  y: 0.64975680532258284
  z: 0.24099999999999999
orientation:
  x: 0.053015139679076388
  y: -0.99859370865473007
  z: -6.114622944763499e-17
  w: 3.2462410557165367e-18