position:
  x: 0.72470641820842496
  y: -0.055131929251065699
  z: 0.255
orientation:
  x: -0.86147748433397198
  y: 0.50779576995639808
  z: -6.219955909061774e-16
  w: 1.5086846354942472e-15