position:
  x: -0.30007027075979298
  y: -0.71889078384998994
  z: 0.25500000000169398
orientation:
  x: 0.019840349744628765
  y: 0.99980316088818744
  z: 1.6152265720734618e-15
  w: 3.2052969384779958e-17