position:
  x: -0.62770678902120902
  y: -0.629362680664041
  z: 0.273000000001694
orientation:
  x: -0.80170572083601399
  y: 0.5977189449723066
  z: -2.3370120226680685e-15
  w: 2.7275371520089296e-16