position:
  x: -0.29390291611059938
  y: -0.48187660189400189
  z: 0.31199999999999994
orientation:
  x: -0.67149732749342872
  y: 0.74100697646458291
  z: 6.7337973024405341e-17
  w: 8.2683792603021469e-16