position:
  x: -0.17640241963862099
  y: -0.26561236022727103
  z: 0.273000000001694
orientation:
  x: 0.5026265878834969
  y: 0.86450362240570944
  z: 1.0659611082173582e-15
  w: 1.3807811838158102e-15