position:
  x: 0.46899307758744302
  y: -0.471519023525026
  z: 0.32400000000000001
orientation:
  x: 0.91078190219404542
  y: 0.41288778940021492
  z: 1.5287822825204252e-14
  w: -5.1566799749689307e-15