position:
  x: 0.0666376312604057
  y: 0.40989962903068999
  z: 0.27200000000000002
orientation:
  x: 0.9929074072552545
  y: -0.11889020404410164
  z: -1.9207242409663159e-16
  w: 1.6040861747051533e-15