position:
  x: 0.53986005542910798
  y: 0.76412216273226896
  z: 0.23400000000000001
orientation:
  x: 1
  y: 0
  z: 0
  w: 1.6155445744325867e-15