position:
  x: 0.22948929920106623
  y: 0.36217620397642653
  z: 0.30799999999999972
orientation:
  x: 0.99204563565256887
  y: -0.12587873840601718
  z: 2.0336271286826013e-16
  w: -1.6026939442680344e-15