position:
  x: 0.81721778663354505
  y: 0.032257540398030901
  z: 0.23699999999999999
orientation:
  x: 0.83988003638694286
  y: 0.54277207415145023
  z: 8.7687247954889712e-16
  w: 1.3568636359591691e-15