position:
  x: 0.24201411908815026
  y: -0.65322968845599882
  z: 0.24299999999999999
orientation:
  x: 0.97523094809869426
  y: -0.2211890545902348
  z: -1.3543923385518012e-17
  w: 5.9715672950925222e-17