position:
  x: -0.40189059272399869
  y: 0.65222306680512687
  z: 0.33300000000000002
orientation:
  x: 0.1831535963855189
  y: -0.98308430977767647
  z: -6.0196552663060829e-17
  w: 1.1214923278292598e-17