position:
  x: -0.40727379649846379
  y: -0.72582752660790428
  z: 0.22299999999999634
orientation:
  x: -0.55472989000787076
  y: -0.83203049771739468
  z: 3.032773272622699e-14
  w: -6.1507320836523077e-15