position:
  x: 0.16776359399970095
  y: -0.34721242545016012
  z: 0.31300000000000011
orientation:
  x: 0.80937288786844441
  y: 0.58729509480626052
  z: 4.2174275514634437e-16
  w: 1.1413378518865679e-15