position:
  x: -0.26363735185498632
  y: 0.46095396842424902
  z: 0.40199999999905789
orientation:
  x: 0.87679655263756762
  y: -0.48086152402004179
  z: -2.9444276311213114e-17
  w: 5.3688304584551551e-17