position:
  x: 0.97934395885175785
  y: 0.25100259463425906
  z: 0.25600000000000001
orientation:
  x: -0.82572393098235408
  y: -0.56407445413087842
  z: 3.4539598736608532e-17
  w: 5.0561008452845495e-17