position:
  x: -0.66366461170282209
  y: -0.33251419856113229
  z: 0.29000000000169429
orientation:
  x: -0.26786070001450918
  y: 0.96345765106087411
  z: 1.5212631374241958e-15
  w: -5.5951457379248623e-16