position:
  x: 0.67808748347455472
  y: -0.37747629812548034
  z: 0.31300000000000888
orientation:
  x: 0.72856989311273723
  y: -0.68497146717925028
  z: -5.0483490084344616e-14
  w: 9.5862383339675215e-14