position:
  x: 0.69749601374543579
  y: 0.18037559220722688
  z: 0.23700000000000002
orientation:
  x: 0.54277207415142137
  y: -0.83988003638696163
  z: -5.1427819911452757e-17
  w: 3.32352041638054e-17