position:
  x: -0.3014642923112783
  y: -0.51115512439004718
  z: 0.22299999999999998
orientation:
  x: 0.5823236012482762
  y: -0.81295708584724113
  z: 1.7266120374121972e-17
  w: 1.2925623261577248e-16