position:
  x: -0.74019092903307204
  y: 0.16175402846543599
  z: 0.246
orientation:
  x: 1.1607551796058996e-14
  y: 1
  z: 1.6155445744325867e-15
  w: 1.8752517326568338e-29