position:
  x: -0.23135552184317951
  y: 0.55308362794405952
  z: 0.27899999999905789
orientation:
  x: 0.63745197469273518
  y: 0.77049009076063568
  z: 4.7178911171238305e-17
  w: 3.9032676020880886e-17