position:
  x: 0.29854623358818444
  y: -0.9254204671139753
  z: 0.29699999999999993
orientation:
  x: -0.8574304999344976
  y: -0.51459978408669926
  z: 9.0804745662035885e-17
  w: 5.3484620308087092e-16