position:
  x: -0.50823311833528195
  y: 0.38510439282148001
  z: 0.34999999999999998
orientation:
  x: 0.22435266370693724
  y: -0.97450802063790209
  z: -1.574361145482602e-15
  w: 3.6245172861124118e-16