position:
  x: 0.4893443749060879
  y: 0.13960994173112937
  z: 0.22299999999999998
orientation:
  x: 0.31552907983367318
  y: -0.94891590764372558
  z: -5.8104341447794699e-17
  w: 1.9320583882810876e-17