position:
  x: 0.81746698141489371
  y: -0.21736151536239531
  z: 0.25800000000000001
orientation:
  x: 0.91064948571172766
  y: 0.41317976012017565
  z: 8.5212498432972507e-17
  w: 2.8577691750686815e-17