position:
  x: -0.524616219953568
  y: -0.65406912941225104
  z: 0.32100000000000001
orientation:
  x: 0.83879290666280693
  y: 0.54445060357406139
  z: 8.7958421865062198e-16
  w: 1.3551073294316369e-15