position:
  x: 0.82246982244167399
  y: -0.57757877588242701
  z: 0.23499999999999999
orientation:
  x: -0.70713383210817027
  y: 0.70707972923003104
  z: -1.1190573013777899e-15
  w: 1.1656659649900604e-15