position:
  x: -0.0058450370201786096
  y: -0.423067865674989
  z: 0.23400000000000001
orientation:
  x: 0.62603852428059303
  y: -0.77979213006837744
  z: -1.2597889449171971e-15
  w: 1.0113931412872953e-15