position:
  x: 0.78395282902897867
  y: -0.13806848247788511
  z: 0.32999999999999996
orientation:
  x: 0.70710678118653825
  y: -0.7071067811865569
  z: -4.3297802811775237e-17
  w: 4.3297802811774097e-17