position:
  x: 0.17369328298980699
  y: -0.35208828732402703
  z: 0.32600000000000001
orientation:
  x: 0.80937288786844508
  y: 0.58729509480625963
  z: 6.8255416974767264e-16
  w: 1.5007716181341294e-15