position:
  x: 0.80488608373080905
  y: 0.104694434521999
  z: 0.23699999999999999
orientation:
  x: 0.83988003638695929
  y: 0.54277207415142503
  z: 8.768724795488564e-16
  w: 1.3568636359591956e-15