position:
  x: -0.72630356785133399
  y: -0.574409853677047
  z: 0.27925824613844702
orientation:
  x: 0.77749541977395742
  y: -0.62888860081139797
  z: -1.0159975669633549e-15
  w: 1.2560785070620035e-15