position:
  x: -0.29253056174207481
  y: -0.47920889810849809
  z: 0.31299999999999994
orientation:
  x: -0.67149732749342872
  y: 0.74100697646458291
  z: 6.7337973024405094e-17
  w: 8.268379260302145e-16