position:
  x: 0.85200119176084865
  y: -0.66306678095979277
  z: 0.29399999999999998
orientation:
  x: 0.98291214712840291
  y: 0.18407528630273209
  z: 1.4060489495909168e-16
  w: 3.5965018608717291e-17