position:
  x: 0.76431082645911996
  y: 0.16405051587077499
  z: 0.23499999999999999
orientation:
  x: 0.83988003638694286
  y: 0.54277207415145023
  z: 8.7687247954889712e-16
  w: 1.3568636359591691e-15