position:
  x: 0.137528494495571
  y: 0.61492738227023902
  z: 0.254
orientation:
  x: 0.082799860597934663
  y: 0.99656619603765539
  z: 1.6099971110715558e-15
  w: 1.3376686555276785e-16