position:
  x: -0.47245319650803802
  y: 0.44839005943700022
  z: 0.22299999999999998
orientation:
  x: 0.94497500639030407
  y: -0.32714253361133694
  z: -2.003170283260396e-17
  w: 5.7863030842506776e-17