position:
  x: 0.37912625619029999
  y: -0.54415547081939197
  z: 0.29099999999999504
orientation:
  x: -0.82119303834919377
  y: 0.57065050054023403
  z: -1.6703026343949876e-14
  w: 4.5250029280814739e-14