position:
  x: -0.25578610482323916
  y: -0.68120839932739641
  z: 0.38500000000000034
orientation:
  x: 0.036830650876381446
  y: -0.9993215214114135
  z: -4.1124033819825452e-15
  w: 4.6283903525049807e-15