position:
  x: -0.76446475751923404
  y: -0.52799885609251795
  z: 0.217000000001694
orientation:
  x: 0.72001142739830759
  y: -0.69396220676334497
  z: -1.1211268779977869e-15
  w: 1.1632105550627982e-15