position:
  x: -0.4099612943279306
  y: -0.69852203932338452
  z: 0.31500000000000106
orientation:
  x: 0.7940879648827962
  y: 0.60780284963818576
  z: 2.3668549468862897e-14
  w: 3.2122518072150841e-15