position:
  x: 0.45335563600352702
  y: -0.56357073331677898
  z: 0.23699999999999999
orientation:
  x: 0.90469163837819122
  y: 0.42606694244987386
  z: 6.8833013721997485e-16
  w: 1.4615696679164145e-15