position:
  x: 0.88314794688095088
  y: -0.38675536186913201
  z: 0.24099999999999999
orientation:
  x: 0.82896957809694283
  y: -0.5592936961827627
  z: -6.1516228031550502e-17
  w: 3.2361502900945881e-17