position:
  x: 0.45501124300721812
  y: -0.17979125764407813
  z: 0.24199999999999997
orientation:
  x: 0.38039362955592615
  y: -0.92482467884095132
  z: -5.6629179135752497e-17
  w: 2.329239204258545e-17