position:
  x: -0.13349737186747601
  y: -0.73997085557468056
  z: 0.32999999999999996
orientation:
  x: -0.96546872791937632
  y: -0.26051897322410372
  z: -1.2243073803936093e-16
  w: 5.5643136275396312e-16