position:
  x: -0.054290120858682477
  y: 0.7940307397666686
  z: 0.24299999999999997
orientation:
  x: 0.88958932246923728
  y: -0.45676124764336501
  z: -2.7968559995049924e-17
  w: 5.44716358158807e-17