position:
  x: 0.92929955892564908
  y: -0.53294945706732633
  z: 0.223
orientation:
  x: 0.92819685866527002
  y: 0.37208949402519392
  z: 2.2783910392715598e-17
  w: 5.6835665597152551e-17