position:
  x: 0.30562798157564602
  y: -0.82466498071293504
  z: 0.254
orientation:
  x: -0.70171890137168935
  y: 0.71245391672564296
  z: -1.1279176676662467e-15
  w: 1.1570946895865889e-15