position:
  x: 0.175852712239293
  y: -0.25223470359128503
  z: 0.32600000000000001
orientation:
  x: -0.54022491690385233
  y: 0.84152067066485414
  z: -1.3239722194707884e-15
  w: 9.281219149155432e-16