position:
  x: 0.84735854471572347
  y: 0.15129912905588047
  z: 0.27900000000000003
orientation:
  x: 0.78454447463489907
  y: 0.62007255004543638
  z: 3.7968493182614035e-17
  w: 4.803949398251855e-17