position:
  x: 0.51327921052837877
  y: 0.84609264818835683
  z: 0.22299999999999998
orientation:
  x: 0.031622308443339346
  y: -0.99949988974922566
  z: -6.120171703647608e-17
  w: 1.9363079408392926e-18