position:
  x: 0.17188939476409401
  y: -0.25524637961669999
  z: 0.36300000000000004
orientation:
  x: -0.54295629012257873
  y: 0.8397609582591502
  z: -9.9945491939712903e-16
  w: 1.4296571707597059e-15