position:
  x: 0.36928927435075909
  y: -0.57902886325993042
  z: 0.27900000000000003
orientation:
  x: 0.43475569194929231
  y: -0.9005484375188777
  z: 2.7431020102403965e-16
  w: 1.7305148308969553e-15