position:
  x: -0.13439584128328599
  y: 0.70636417467294399
  z: 0.23400000000000001
orientation:
  x: 0.70710678118655701
  y: 0.70710678118653814
  z: 1.1423625238904019e-15
  w: 1.1423625238904325e-15