position:
  x: -0.39743064380636661
  y: 0.53715024158334701
  z: 0.38699999999966328
orientation:
  x: 0.76384578201024689
  y: 0.64539880795145144
  z: 3.9519279216563117e-17
  w: 4.677206459905279e-17