position:
  x: 0.77366300643312025
  y: 0.36072665041144286
  z: 0.31
orientation:
  x: 0.56407445413087842
  y: -0.82572393098235408
  z: -5.0561008452845495e-17
  w: 3.4539598736608539e-17