position:
  x: 0.94790728159776161
  y: -0.44023481840783613
  z: 0.27900000000000003
orientation:
  x: -0.90632774546415318
  y: -0.42257545811590291
  z: -3.3752919201875111e-17
  w: 8.3298228074421312e-17