position:
  x: -0.30876763542889291
  y: -0.79372520912592048
  z: 0.27599999999999997
orientation:
  x: 0.035693268254220027
  y: 0.9993627922838294
  z: 6.1193322237867642e-17
  w: 2.1855823359319195e-18