position:
  x: -0.19192544321211832
  y: -0.46756983721494128
  z: 0.29399999999999998
orientation:
  x: -0.70541046964831455
  y: 0.70879903309086434
  z: 3.0082326570793542e-18
  w: 8.9826526657037775e-17