position:
  x: 0.81460382195573267
  y: 0.40923063218218902
  z: 0.21700000000000003
orientation:
  x: 0.56407445413087842
  y: -0.82572393098235408
  z: -5.0561008452845495e-17
  w: 3.4539598736608539e-17