position:
  x: 0.27270696521996568
  y: -0.26569988798156208
  z: 0.27900000000000003
orientation:
  x: -0.99759970127560771
  y: 0.069244754420953639
  z: 2.2547574770169753e-16
  w: 7.7030248341686775e-17