position:
  x: 0.71851541504183325
  y: 0.31554661930005573
  z: 0.255
orientation:
  x: 0.8257239309823271
  y: 0.56407445413091795
  z: 3.4539598736610961e-17
  w: 5.0561008452843843e-17