position:
  x: 0.047106728166100599
  y: 0.87996624446652105
  z: 0.217
orientation:
  x: 0.45676124764336357
  y: 0.88958932246923794
  z: 1.4371712033883383e-15
  w: 7.3791815544129511e-16