position:
  x: -0.22321535148425875
  y: -0.67843149502002653
  z: 0.24299999999999997
orientation:
  x: -0.13214570794116395
  y: 0.99123030213605179
  z: -4.7654354608734864e-17
  w: 1.0591263128034641e-16