position:
  x: -0.688938832420392
  y: -0.38194244052842802
  z: 0.223258246138447
orientation:
  x: 0.44042342690330677
  y: -0.89779017873596034
  z: -1.450420052235743e-15
  w: 7.1152367778664425e-16