position:
  x: -0.34158340094915218
  y: -0.98779858560092249
  z: 0.24200000000000249
orientation:
  x: -0.99287279331865375
  y: 0.11917892551795364
  z: 4.9048285055830232e-14
  w: 6.3647894017563186e-14