position:
  x: -0.35241855835413072
  y: -0.78724476309567981
  z: 0.24900000000079972
orientation:
  x: -0.1418201585973132
  y: -0.98989243992235487
  z: 1.5992153605883958e-15
  w: 2.2911678776705851e-16