position:
  x: -0.5426098102193786
  y: -0.069371120397227648
  z: 0.22199999999999998
orientation:
  x: 0.8876186007372131
  y: -0.46057922187753092
  z: -2.8202343491304842e-17
  w: 5.4350963912824025e-17