position:
  x: 0.225935697289527
  y: 0.32613070219230067
  z: 0.29600000000000004
orientation:
  x: 0.9920456356525692
  y: -0.1258787384060148
  z: -7.7078497034816504e-18
  w: 6.0745275615501019e-17