position:
  x: 0.83326604047208419
  y: 0.1580660628667061
  z: 0.26100000000000001
orientation:
  x: 0.78454447463489907
  y: 0.62007255004543638
  z: 3.7968493182614035e-17
  w: 4.803949398251855e-17