position:
  x: -0.36169658453133979
  y: 0.50053519343623221
  z: 0.52900000000033676
orientation:
  x: 0.039203530848969347
  y: -0.99923124609320235
  z: -6.1185267356803075e-17
  w: 2.4005239284732413e-18