position:
  x: -0.48791570579542048
  y: 0.54701769961711655
  z: 0.40199999999966318
orientation:
  x: 0.67166981683605842
  y: -0.74085063079639457
  z: -4.5364017682555106e-17
  w: 4.1127914563608398e-17