position:
  x: 0.049718290018507083
  y: 0.88183893101056943
  z: 0.22499999999999998
orientation:
  x: 0.45676124764336218
  y: 0.88958932246923872
  z: 5.4471635815880792e-17
  w: 2.7968559995049752e-17