position:
  x: -0.24542553310033688
  y: 0.40669653853398507
  z: 0.47700000000033682
orientation:
  x: 0.99998567094008806
  y: -0.0053533087433751802
  z: -3.2779562087109771e-19
  w: 6.1231462555499859e-17