position:
  x: 0.66311931804509028
  y: 0.38453150351058807
  z: 0.26100000000000001
orientation:
  x: 0.62007255004541495
  y: -0.78454447463491606
  z: -4.8039493982519592e-17
  w: 3.7968493182612722e-17