position:
  x: -0.97842067412273126
  y: 0.11323292380281053
  z: 0.2430000000000743
orientation:
  x: 0.70710678118654791
  y: -0.70710678118654724
  z: -4.3297802811774646e-17
  w: 4.3297802811774689e-17