position:
  x: 0.412983443960806
  y: -0.77994281230279405
  z: 0.216
orientation:
  x: 0.92706839937231034
  y: 0.37489222836071512
  z: 6.0565510552509566e-16
  w: 1.4977203227338384e-15