position:
  x: 0.49020361363345999
  y: 0.065410418325413694
  z: 0.23699999999999999
orientation:
  x: 0.94891590764372558
  y: 0.31552907983367312
  z: 5.0975129300099709e-16
  w: 1.5330159461865945e-15