position:
  x: -0.84874092903307141
  y: 0.20475402846543639
  z: 0.254
orientation:
  x: 1.3161864030534215e-14
  y: 1
  z: 6.123233995736766e-17
  w: 8.0593173279032041e-31