position:
  x: -0.196675923102965
  y: -0.67942166560288597
  z: 0.30900000000168804
orientation:
  x: -0.97310082767393624
  y: -0.23037964141889852
  z: 8.6424084172558031e-14
  w: 4.8056956654347617e-14