position:
  x: -0.27029874981715502
  y: -0.92048149689992498
  z: 0.246
orientation:
  x: 0.072617628360972464
  y: 0.99735985484238721
  z: 1.6375560250030543e-15
  w: -2.4357811401952044e-16