position:
  x: -0.047575789462212359
  y: 0.51495107843270493
  z: 0.24300000000106459
orientation:
  x: 0.70710678118654524
  y: 0.70710678118654979
  z: 4.3297802811774806e-17
  w: 4.3297802811774523e-17