position:
  x: -0.61536985411659539
  y: 0.43844977203631269
  z: 0.29700000000029853
orientation:
  x: 6.123233995736766e-17
  y: 1
  z: 6.123233995736766e-17
  w: 3.749399456654644e-33