position:
  x: 0.14639610285968099
  y: 0.49600326743969497
  z: 0.23499999999999999
orientation:
  x: 0.99290740725525395
  y: -0.11889020404410611
  z: -1.9207242409663881e-16
  w: 1.6040861747051523e-15