position:
  x: 0.79502616980945529
  y: 0.35484479629231669
  z: 0.29700000000000004
orientation:
  x: 0.62007255004541495
  y: -0.78454447463491606
  z: -4.8039493982519592e-17
  w: 3.7968493182612722e-17