position:
  x: 0.10718089444799422
  y: 0.92645232550200929
  z: 0.24099999999999999
orientation:
  x: 0.88958932246923716
  y: -0.45676124764336512
  z: -2.796855999504993e-17
  w: 5.4471635815880694e-17