position:
  x: -0.46145075541338498
  y: -0.68181279585509302
  z: 0.30900000000168604
orientation:
  x: -0.22015986166435353
  y: -0.9754638052290473
  z: 1.0394163371908308e-13
  w: -6.6918071156321239e-14