position:
  x: 0.55731997691746604
  y: -0.46187517565045899
  z: 0.23699999999999999
orientation:
  x: 0.71321988767805811
  y: 0.70094036252772474
  z: 1.1324003996824761e-15
  w: 1.1522385199157057e-15