position:
  x: -0.13957253465079
  y: 0.66129341967497302
  z: 0.34999999999999998
orientation:
  x: 0.082799860597934663
  y: 0.99656619603765539
  z: 1.6099971110715558e-15
  w: 1.3376686555276785e-16