position:
  x: -0.21365938719427149
  y: 0.54964122611615118
  z: 0.44099999999939465
orientation:
  x: 0.4671334097035818
  y: 0.88418684537755121
  z: 5.4140829501990688e-17
  w: 2.8603671748414033e-17