position:
  x: -0.034667051408694832
  y: -0.63662572592948108
  z: 0.31500000000000011
orientation:
  x: 0.85127620760897083
  y: 0.52471784642690433
  z: -2.9041369266047299e-16
  w: 1.0334500063019016e-15