position:
  x: 0.24121563073595401
  y: 0.51515846548076505
  z: 0.255
orientation:
  x: 0.9929074072552545
  y: -0.11889020404410164
  z: -1.9207242409663159e-16
  w: 1.6040861747051533e-15