position:
  x: -0.05204941138662756
  y: 0.796876144426236
  z: 0.23600000000000002
orientation:
  x: 0.88958932246923783
  y: -0.4567612476433639
  z: -2.7968559995049856e-17
  w: 5.4471635815880737e-17