position:
  x: 0.90568684620815121
  y: -0.21731503170762984
  z: 0.27600000000000019
orientation:
  x: 0.84096427551888797
  y: -0.54109064610376678
  z: -6.718255698867194e-16
  w: 2.0168695650681281e-15