position:
  x: -0.172707497211633
  y: -0.270899304037511
  z: 0.217000000001694
orientation:
  x: 0.50982135430150155
  y: 0.8602802954259634
  z: 1.3898211637666781e-15
  w: 8.2363912287166439e-16