position:
  x: -0.41620678833928298
  y: -0.24356224533509699
  z: 0.25300000000169498
orientation:
  x: 0.38089013769876245
  y: 0.9246203020720547
  z: 1.4591685728686965e-14
  w: -4.9468780723070884e-15