position:
  x: -0.73343616927581967
  y: 0.55635070491961058
  z: 0.2400000000002985
orientation:
  x: 3.1698568089078059e-15
  y: 1
  z: 6.123233995736766e-17
  w: 1.9409774973921938e-31