position:
  x: 0.40484530851638201
  y: 0.085689672216307702
  z: 0.28999999999999998
orientation:
  x: 0.79623317062026622
  y: -0.60498986603413285
  z: -9.7738809565814078e-16
  w: 1.2863501787788272e-15