position:
  x: -0.31399874887830476
  y: -0.87868957761851352
  z: 0.27699999999999997
orientation:
  x: 0.99936279228382785
  y: -0.035693268254262646
  z: -2.1855823359345291e-18
  w: 6.1193322237867544e-17