position:
  x: 0.79937174489085705
  y: 0.142358855185169
  z: 0.255
orientation:
  x: 0.83988003638694286
  y: 0.54277207415145023
  z: 8.7687247954889712e-16
  w: 1.3568636359591691e-15