position:
  x: -0.25811721874795729
  y: 0.6155327822775285
  z: 0.45799999999905794
orientation:
  x: 0.45426258322971313
  y: 0.89086783838988592
  z: 5.4549922337374767e-17
  w: 2.7815560926233815e-17