position:
  x: -0.52880482204262369
  y: -0.7014718334924821
  z: 0.24199999999999999
orientation:
  x: -0.68458955245366415
  y: -0.72892876515561644
  z: 1.3471366829960312e-16
  w: -5.3994875898061935e-17