position:
  x: -0.35966547573040403
  y: -0.32833958798495899
  z: 0.30900000000169403
orientation:
  x: -0.58330121755491382
  y: -0.81225592617041276
  z: 8.1334808442554581e-16
  w: 1.6370577397752246e-15