position:
  x: 0.62791218643826097
  y: -0.45175068851703848
  z: 0.29599999999999971
orientation:
  x: -0.6608212250666079
  y: 0.75054334218715679
  z: -1.4443917710501952e-15
  w: 2.1483032218252041e-15