position:
  x: 0.2641511058158903
  y: 0.99940600793924694
  z: 0.21600000000000003
orientation:
  x: 0.4567612476433624
  y: 0.88958932246923861
  z: 5.4471635815880786e-17
  w: 2.7968559995049764e-17