position:
  x: -0.18076868884044886
  y: -0.26143887787945796
  z: 0.29100000000169429
orientation:
  x: 0.50890965303335933
  y: 0.86081993764635001
  z: 1.5246196676505673e-15
  w: 5.9562943124475731e-16