position:
  x: 0.74391378783043671
  y: 0.42638051739051924
  z: 0.24199999999999997
orientation:
  x: 0.62007255004543671
  y: -0.78454447463489885
  z: -4.8039493982518538e-17
  w: 3.7968493182614053e-17