position:
  x: 0.7441047218402379
  y: -0.19581290546752453
  z: 0.29499999999999998
orientation:
  x: -0.39143275167998376
  y: 0.92020671640248108
  z: -1.3360466000225354e-16
  w: -1.57655600494637e-16