position:
  x: 0.4826193666363231
  y: -0.094869977670905256
  z: 0.24000000000006913
orientation:
  x: 0.78234568434812501
  y: -0.62284446708778252
  z: -3.9809374615788537e-13
  w: 9.1463696962706438e-13