position:
  x: -0.25961860783912699
  y: -0.47983041039353502
  z: 0.25300000000169398
orientation:
  x: -0.41682199125205593
  y: 0.90898813392071898
  z: -1.4410877148320704e-15
  w: 7.3319773938343596e-16