position:
  x: 0.9506424219407219
  y: -0.44146729855141342
  z: 0.27800000000000002
orientation:
  x: -0.90632774546415318
  y: -0.42257545811590291
  z: -3.3752919201875111e-17
  w: 8.3298228074421312e-17