position:
  x: 0.49264458741300776
  y: -0.67289660274838159
  z: 0.24099999999999999
orientation:
  x: 0.033581789597563867
  y: -0.99943597264028117
  z: -6.1197803242332104e-17
  w: 2.0562915570148236e-18