position:
  x: -0.32188894037424443
  y: 0.57680556100607339
  z: 0.24099999999939464
orientation:
  x: 0.74359974781258176
  y: -0.66862501826738796
  z: -4.094147442254986e-17
  w: 4.5532352550272866e-17