position:
  x: 0.12298272495748699
  y: -0.398590581638609
  z: 0.23699999999999999
orientation:
  x: 0.99346614401887889
  y: 0.11412721274201076
  z: 1.8437759934046908e-16
  w: 1.6049888388521627e-15