position:
  x: 0.68906053055212702
  y: -0.68273483576330996
  z: 0.217
orientation:
  x: 0.090683581424705048
  y: 0.99587975582395938
  z: 1.6088881363086468e-15
  w: 1.4650336796079794e-16