position:
  x: -0.18430328835138499
  y: -0.52421366873077002
  z: 0.30900000000169403
orientation:
  x: -0.8885776703562871
  y: -0.45872619692382238
  z: 6.8263221036534861e-16
  w: 1.4657168867992951e-15