position:
  x: 0.90063218586257199
  y: 0.27486374803840402
  z: 0.309
orientation:
  x: 0.82572393098235375
  y: 0.56407445413087898
  z: 9.1128742394716448e-16
  w: 1.3339938166776893e-15