position:
  x: 0.75443593389087293
  y: -0.025960926038881133
  z: 0.24299999999999999
orientation:
  x: 0.44097022882956044
  y: -0.89752173081547448
  z: -5.4957355740418158e-17
  w: 2.7001638962769855e-17