position:
  x: 0.64224813226306698
  y: 0.38668083300786099
  z: 0.22800000000000001
orientation:
  x: 0.62007255004543493
  y: -0.78454447463490029
  z: -1.2674665693974774e-15
  w: 1.001754843980481e-15