position:
  x: 0.19881960970069201
  y: 0.98965958201390403
  z: 0.249
orientation:
  x: 0.45676124764336357
  y: 0.88958932246923794
  z: 1.4371712033883383e-15
  w: 7.3791815544129511e-16