position:
  x: -0.60375739637988179
  y: -0.76848667693574668
  z: 0.25800000000000001
orientation:
  x: 0.8151433751181888
  y: -0.57925924938746354
  z: -2.4453442987707421e-16
  w: 1.737462621982038e-16