position:
  x: 0.63886761266576209
  y: -0.43877328675310601
  z: 0.27800000000000002
orientation:
  x: 0.15235507699323647
  y: -0.98832582204169139
  z: -1.8975759173826042e-16
  w: 6.2836512526117585e-16