position:
  x: 0.053929343433681741
  y: -0.90148253846212156
  z: 0.24099999999999999
orientation:
  x: 0.17541426074697056
  y: -0.98449471157878432
  z: -6.0282914865622742e-17
  w: 1.0741025647428835e-17