position:
  x: 0.39493424470033894
  y: 0.15355695038252398
  z: 0.23999999999999999
orientation:
  x: 0.31552907983368311
  y: -0.94891590764372225
  z: -5.8104341447794489e-17
  w: 1.9320583882811483e-17