position:
  x: -0.16924639350630777
  y: -0.6172282952787711
  z: 0.27799999999999331
orientation:
  x: -0.93608880605558431
  y: -0.35176376615198823
  z: 7.839769713776493e-14
  w: 3.3938737913111129e-14