position:
  x: 0.73152586614972859
  y: -0.75303069852290472
  z: 0.33200000000001012
orientation:
  x: 0.89834133957421625
  y: 0.4392981192903091
  z: 1.7965100181348055e-13
  w: 2.0338530764148124e-13