position:
  x: 0.98903034835863868
  y: -0.098044517384978505
  z: 0.222
orientation:
  x: 0.88582914919499245
  y: 0.46401154989555565
  z: 2.8412512967349728e-17
  w: 5.4241391607653532e-17