position:
  x: 0.75742923102325699
  y: -0.026161356269290361
  z: 0.223
orientation:
  x: 0.44097022882956044
  y: -0.89752173081547448
  z: -5.4957355740418158e-17
  w: 2.7001638962769855e-17