position:
  x: 0.18217489603154399
  y: 0.21305729656393699
  z: 0.217
orientation:
  x: 0.9929074072552545
  y: -0.11889020404410164
  z: -1.9207242409663159e-16
  w: 1.6040861747051533e-15