position:
  x: -0.28482887753562602
  y: -0.43770536362815698
  z: 0.218
orientation:
  x: 0.38268343236509206
  y: 0.92387953251128585
  z: 1.4925685661779225e-15
  w: 6.1824214288266427e-16