position:
  x: -0.47344723388618415
  y: -0.50435554255323189
  z: 0.29499999999999998
orientation:
  x: 0.10014516650810529
  y: -0.99497283662674119
  z: -6.0924514980675053e-17
  w: 6.1321228807114933e-18