position:
  x: 0.11705304097565164
  y: -0.39371471538548164
  z: 0.27900000000000003
orientation:
  x: 0.99346613384405558
  y: 0.11412730131281032
  z: 7.2349406214862487e-17
  w: 5.3323707441844885e-17