position:
  x: -0.022955601870635896
  y: 0.82972627692236023
  z: 0.25800000000000001
orientation:
  x: 0.88958932246923783
  y: -0.4567612476433639
  z: -2.7968559995049856e-17
  w: 5.4471635815880737e-17