position:
  x: -0.57177226511602397
  y: -0.30812638666803799
  z: 0.25400000000169398
orientation:
  x: 0.082461990215523265
  y: -0.99659421038339113
  z: -1.6181802539574767e-15
  w: 3.4870635238422469e-17