position:
  x: 0.14268562755586942
  y: 0.77542279563587846
  z: 0.27400000000000002
orientation:
  x: 0.68407556971092398
  y: -0.72941114258329975
  z: -4.4663551051352587e-17
  w: 4.1887547841069256e-17