position:
  x: 0.79596518476720202
  y: 0.344984052013528
  z: 0.253
orientation:
  x: 0.82572393098235375
  y: 0.56407445413087898
  z: 9.1128742394716448e-16
  w: 1.3339938166776893e-15