position:
  x: 0.075784904571373796
  y: 0.69328921310173997
  z: 0.23599999999999999
orientation:
  x: 0.68407556971093364
  y: -0.72941114258329065
  z: -1.1783962139311091e-15
  w: 1.1051545751483796e-15