position:
  x: 0.47218795380526402
  y: -0.45864738878334599
  z: 0.216
orientation:
  x: 0.91238297233266141
  y: 0.40933765010980599
  z: 6.613032197458816e-16
  w: 1.4739953607567081e-15