position:
  x: -0.49860226097193988
  y: 0.77244538458137624
  z: 0.22300000000029851
orientation:
  x: 0.70710678118655201
  y: 0.70710678118654302
  z: 4.3297802811774387e-17
  w: 4.3297802811774942e-17