position:
  x: -0.141604399289954
  y: -0.90827723873080701
  z: 0.24325824613844699
orientation:
  x: 0.08761981840984058
  y: 0.99615398780601516
  z: 1.6093311702993929e-15
  w: 1.4155372224478644e-16