position:
  x: 0.6733690764296939
  y: -0.68859090252830113
  z: 0.25899999999999967
orientation:
  x: 0.11943465450377357
  y: 0.99284206362520933
  z: 3.9124174608719487e-15
  w: -9.7010790659678815e-15