position:
  x: -0.26171750190975956
  y: 0.39357824153555865
  z: 0.38500000000033674
orientation:
  x: 0.99784083873864937
  y: -0.065678463329684689
  z: -4.0216459944807587e-18
  w: 6.1100129460989855e-17