position:
  x: 0.6186258224570329
  y: -0.45759870641540823
  z: 0.33199999999999996
orientation:
  x: -0.64942191468585175
  y: 0.76042828506425397
  z: -2.5608245954734053e-16
  w: 4.7825488674655041e-16