position:
  x: 0.65495282902897622
  y: -0.24656848247788515
  z: 0.314
orientation:
  x: 0.70710678118653858
  y: -0.70710678118655645
  z: -4.3297802811775213e-17
  w: 4.3297802811774116e-17