position:
  x: -0.23000540771325212
  y: 0.55040459979262657
  z: 0.25899999999905787
orientation:
  x: 0.63745197469273507
  y: 0.77049009076063568
  z: 4.7178911171238305e-17
  w: 3.903267602088088e-17