position:
  x: -0.46272388799036085
  y: -0.61637505928280234
  z: 0.23999999999999996
orientation:
  x: -0.38611945471663744
  y: 0.92244878811201581
  z: -3.375180227525533e-16
  w: -7.2687728703684639e-17