position:
  x: -0.44104100657503026
  y: 0.25134643650540384
  z: 0.26100000000169393
orientation:
  x: 0.70710678118654791
  y: -0.70710678118654724
  z: -4.3297802811774646e-17
  w: 4.3297802811774689e-17