position:
  x: 0.044428609095077815
  y: -0.46966239469265619
  z: 0.223
orientation:
  x: 0.98833905645069242
  y: 0.15226920074051389
  z: 9.3237994647798064e-18
  w: 6.051831309773278e-17