position:
  x: 0.71575056338085996
  y: -0.14273899892766501
  z: 0.29100000000000004
orientation:
  x: -0.83205431765727356
  y: 0.55469416119866355
  z: -8.9613314259393564e-16
  w: 1.3442208385244164e-15