position:
  x: 0.74122477565787537
  y: -0.19497272097189569
  z: 0.29399999999999998
orientation:
  x: -0.39143275167998376
  y: 0.92020671640248108
  z: -1.3360466000225354e-16
  w: -1.57655600494637e-16