position:
  x: 0.91517778667832606
  y: 0.312125330088943
  z: 0.253
orientation:
  x: 0.82572393098232832
  y: 0.56407445413091617
  z: 9.1128742394722463e-16
  w: 1.3339938166776483e-15