position:
  x: 0.59732238144103955
  y: -0.5296639976014208
  z: 0.27100000000000002
orientation:
  x: 0.92180560147938218
  y: 0.38765246430434874
  z: 2.3736867479595215e-17
  w: 5.6444313964391303e-17