position:
  x: 0.75781939953485544
  y: -0.73796735669014057
  z: 0.315
orientation:
  x: 0.99967021269987477
  y: 0.025680066989538973
  z: 1.5724505920314254e-18
  w: 6.1212146309292766e-17