position:
  x: -0.33580164250637978
  y: 0.59356258291884845
  z: 0.36699999999966326
orientation:
  x: 0.96919728116524084
  y: 0.2462856678369755
  z: 1.5080647739621015e-17
  w: 5.934621740606647e-17