position:
  x: 0.15387918854441801
  y: -0.61006149408588894
  z: 0.30599999999999999
orientation:
  x: -0.39120166780711907
  y: 0.92030497939809519
  z: -1.4095810764905575e-15
  w: 8.1364707021120435e-16