position:
  x: 0.97960827710368181
  y: 0.13893083462810196
  z: 0.253
orientation:
  x: 0.82572393098232721
  y: 0.56407445413091795
  z: 3.4539598736610961e-17
  w: 5.0561008452843849e-17