position:
  x: -0.66131917065236756
  y: 0.43853170867739005
  z: 0.2420000000002985
orientation:
  x: 6.123233995736766e-17
  y: 1
  z: 6.123233995736766e-17
  w: 3.749399456654644e-33