position:
  x: 0.91963811683682395
  y: 0.377531429586768
  z: 0.22800000000000001
orientation:
  x: 0.78454447463491672
  y: 0.62007255004541406
  z: 1.0017548439804472e-15
  w: 1.2674665693975038e-15