position:
  x: 0.31331916622377015
  y: 0.87413495475991521
  z: 0.255
orientation:
  x: 0.68407556971094452
  y: -0.72941114258328044
  z: -4.4663551051351404e-17
  w: 4.1887547841070513e-17