position:
  x: 0.279386335136659
  y: 0.59119096394807702
  z: 0.254
orientation:
  x: 0.082799860597934663
  y: 0.99656619603765539
  z: 1.6099971110715558e-15
  w: 1.3376686555276785e-16