position:
  x: 0.85922061254456505
  y: 0.24861124469860299
  z: 0.318
orientation:
  x: 0.62007255004543493
  y: -0.78454447463490029
  z: -1.2674665693974774e-15
  w: 1.001754843980481e-15