position:
  x: -0.31012612941635098
  y: -0.510089209626167
  z: 0.36300000000000004
orientation:
  x: -0.18440911124012674
  y: 0.98284957124253081
  z: -1.4422477874157673e-15
  w: 1.0738729426858179e-15