position:
  x: 0.089193819019073695
  y: 0.44661210292223702
  z: 0.253
orientation:
  x: 0.9929074072552545
  y: -0.11889020404410164
  z: -1.9207242409663159e-16
  w: 1.6040861747051533e-15