position:
  x: 0.55123045995558495
  y: -0.44059640372394698
  z: 0.218
orientation:
  x: 0.79623317062026921
  y: -0.60498986603412885
  z: -9.7738809565813427e-16
  w: 1.2863501787788321e-15