position:
  x: 0.46377264072157498
  y: -0.50079251168398897
  z: 0.309
orientation:
  x: -0.90882731598052691
  y: -0.41717251794387344
  z: 9.1047248060844227e-15
  w: -2.4016624057484476e-15