position:
  x: 0.64319091836706599
  y: 0.64112216273226896
  z: 0.255
orientation:
  x: 1
  y: 0
  z: 0
  w: 1.6155445744325867e-15