position:
  x: -0.353982170875074
  y: -0.70618835819245596
  z: 0.25200000000169298
orientation:
  x: -0.99841036217050194
  y: 0.056362653508925865
  z: 5.4015021864128257e-15
  w: 7.0382016755038166e-15