position:
  x: 0.79005188584902653
  y: 0.17157726627875752
  z: 0.27300000000000002
orientation:
  x: 0.83988003638694309
  y: 0.54277207415145012
  z: 3.3235204163807162e-17
  w: 5.1427819911451617e-17