position:
  x: -0.3855649028374003
  y: -0.76474475378579598
  z: 0.27900000000000003
orientation:
  x: 0.37148850229250518
  y: 0.92843755453152121
  z: 3.1188614965109676e-16
  w: -1.6931531267056017e-17