position:
  x: -0.60151697192819997
  y: -0.31600835163426999
  z: 0.259258246138447
orientation:
  x: 0.17526488127070747
  y: -0.98452131586531166
  z: -1.607834346401207e-15
  w: 1.8598927397142534e-16