position:
  x: 0.37593756385163984
  y: -0.53461295946054299
  z: 0.29599999999999538
orientation:
  x: -0.82119303834919255
  y: 0.57065050054023581
  z: -1.5942767154293582e-14
  w: 4.4155980378210118e-14