position:
  x: -0.3720318902858844
  y: 0.49379570946121298
  z: 0.33300000000033675
orientation:
  x: 0.14796027702342437
  y: 0.98899330453909118
  z: 6.0558374239098077e-17
  w: 9.0599539828846169e-18