position:
  x: -0.27839861263681775
  y: -0.3393303708567833
  z: 0.313
orientation:
  x: 0.31825524355485202
  y: 0.94800506325116318
  z: 5.8048568314301054e-17
  w: 1.948751326656554e-17