position:
  x: 0.40651868624850984
  y: -0.78682114608589571
  z: 0.35000000000000009
orientation:
  x: 0.93381102328300958
  y: 0.35776664572754469
  z: -2.5044086471324786e-15
  w: 1.7384245799978264e-15