position:
  x: -0.31989705360011994
  y: 0.54500089051382772
  z: 0.2939999999990579
orientation:
  x: 0.80955825383708913
  y: -0.58703955032369259
  z: -3.5945805313840584e-17
  w: 4.9571146214245583e-17