position:
  x: 0.062819753519073596
  y: -0.73219157996706696
  z: 0.217
orientation:
  x: 0.99954063057584319
  y: -0.030307224024081005
  z: -4.8962671338217019e-17
  w: 1.61480244265173e-15