position:
  x: 0.11705303596738068
  y: -0.39371471976474226
  z: 0.24299999999999999
orientation:
  x: 0.99346614401887889
  y: 0.11412721274201092
  z: 6.9882762890056339e-18
  w: 6.0832256666699177e-17