position:
  x: -0.20177105336961301
  y: -0.80293709050991802
  z: 0.217000000001694
orientation:
  x: 0.99776035643201277
  y: 0.066889992769194315
  z: 1.0806376490210684e-16
  w: 1.6119263304176622e-15