position:
  x: 0.1641671288868336
  y: -0.3464369214705415
  z: 0.32999999999999996
orientation:
  x: -0.99638766516469812
  y: -0.084921261811406676
  z: 6.1403625017127787e-16
  w: 2.3197016562996541e-16