position:
  x: -0.2243275593738753
  y: -0.54742691856362213
  z: 0.29499999999999998
orientation:
  x: 0.37293548367623025
  y: -0.9278572762096422
  z: -5.6814872168785991e-17
  w: 2.2835712318628269e-17