position:
  x: 0.27505347217197568
  y: -0.26756932937607103
  z: 0.24299999999999997
orientation:
  x: 0.99759985426273223
  y: -0.069242550321138518
  z: -4.2398833807790913e-18
  w: 6.1085373417636056e-17