position:
  x: -0.062194899653838599
  y: 0.64834617682419504
  z: 0.27200000000000002
orientation:
  x: 0.082799860597934663
  y: 0.99656619603765539
  z: 1.6099971110715558e-15
  w: 1.3376686555276785e-16