position:
  x: -0.26236692014221075
  y: 0.45823624819155884
  z: 0.40299999999905789
orientation:
  x: 0.87679655263756751
  y: -0.4808615240200419
  z: -2.944427631121312e-17
  w: 5.3688304584551544e-17