position:
  x: 0.3064234027488425
  y: 0.87172335894478381
  z: 0.26100000000000001
orientation:
  x: 0.68407556971094452
  y: -0.72941114258328044
  z: -4.4663551051351404e-17
  w: 4.1887547841070513e-17