position:
  x: 0.2671802986702545
  y: -0.65370610728587097
  z: 0.25900000000000001
orientation:
  x: 0.93449147402514299
  y: -0.35598551230958186
  z: 3.7988223053715906e-15
  w: 2.225479757803846e-15