position:
  x: -0.70335117963112403
  y: -0.70176754581963297
  z: 0.25300000000169398
orientation:
  x: 0.87291380648805217
  y: -0.48787445766563708
  z: -7.8818293308596074e-16
  w: 1.4102311640190696e-15