position:
  x: -0.26375850235100906
  y: -0.29420794253640375
  z: 0.30900000000169431
orientation:
  x: -0.8498682178980409
  y: 0.52699526772714766
  z: 9.6321169526543298e-16
  w: -1.3036569033590803e-15