position:
  x: -0.44091188219785998
  y: 0.20557136901150971
  z: 0.31500000000169393
orientation:
  x: 0.70710678118654791
  y: -0.70710678118654724
  z: -4.3297802811774646e-17
  w: 4.3297802811774689e-17