position:
  x: 0.37420003545205771
  y: -0.62344731656283203
  z: 0.26100000000000018
orientation:
  x: 0.82668713454719922
  y: -0.56266187144157986
  z: -1.621180230538609e-15
  w: 1.3880190387288414e-15