position:
  x: -0.44271622509137204
  y: -0.36256272979627263
  z: 0.25800000000000001
orientation:
  x: 0.099289070944252739
  y: 0.99505863163485353
  z: 6.0929768409778433e-17
  w: 6.079702146109679e-18