position:
  x: 0.6780874834745545
  y: -0.37747629812548045
  z: 0.3320000000000089
orientation:
  x: 0.72856989311273723
  y: -0.68497146717925028
  z: -5.0483490084344616e-14
  w: 9.5862383339675215e-14