position:
  x: -0.10365716454313889
  y: -0.47875144475309356
  z: 0.23600000000169372
orientation:
  x: 0.43036208033955636
  y: -0.90265634646071657
  z: 1.458281563101752e-15
  w: -6.9526912393409106e-16