position:
  x: -0.52913696832364399
  y: -0.89886641544555101
  z: 0.30100000000001498
orientation:
  x: 0.93000461423969283
  y: -0.36754784381476124
  z: 3.4110008520025816e-14
  w: 8.517342031282646e-14