position:
  x: -0.37978766224226224
  y: 0.37536389819580107
  z: 0.24299999999999997
orientation:
  x: 0.9449750063903043
  y: -0.32714253361133638
  z: -2.0031702832603927e-17
  w: 5.7863030842506789e-17