position:
  x: 0.18826090509092996
  y: 0.32323512775753993
  z: 0.25399999999999973
orientation:
  x: -0.11889020404410158
  y: -0.9929074072552545
  z: 1.6040861747051533e-15
  w: 1.9207242409663168e-16