position:
  x: 0.96648747984225658
  y: -0.31304085321161679
  z: 0.24299999999999999
orientation:
  x: 0.89052790321619146
  y: 0.45492862472411372
  z: 2.7856344205444668e-17
  w: 5.4529107311255638e-17