position:
  x: -0.24363299405797073
  y: 0.33066513311024842
  z: 0.24300000000169392
orientation:
  x: 6.123233995736766e-17
  y: 1
  z: 6.123233995736766e-17
  w: 3.749399456654644e-33