position:
  x: 0.68315089374211801
  y: -0.36813010577625838
  z: 0.27600000000000002
orientation:
  x: 0.73456212352591566
  y: -0.67854144065126742
  z: 6.7788921304953256e-18
  w: 8.9620873553373355e-17