position:
  x: 0.37339842648231403
  y: 0.84856793895746796
  z: 0.216
orientation:
  x: 0.68407556971094452
  y: -0.72941114258328044
  z: -1.1783962139310926e-15
  w: 1.1051545751483971e-15