position:
  x: 0.0923773925562415
  y: 0.92243694961178702
  z: 0.23499999999999999
orientation:
  x: 0.45676124764336357
  y: 0.88958932246923794
  z: 1.4371712033883383e-15
  w: 7.3791815544129511e-16