position:
  x: 0.63149119380305196
  y: 0.65912216273226898
  z: 0.23699999999999999
orientation:
  x: 1
  y: 0
  z: 0
  w: 1.6155445744325867e-15