position:
  x: -0.24321278081157199
  y: -0.43718829730123099
  z: 0.380999999999663
orientation:
  x: -0.54513468286186462
  y: 0.83834848216066704
  z: -1.2109295311279479e-15
  w: 1.1013124992453903e-15