position:
  x: -0.16941153984246157
  y: -0.65705835343205565
  z: 0.34899999999999992
orientation:
  x: -0.30367030427944869
  y: 0.95277717557612973
  z: -4.0154375425297202e-16
  w: 4.0418777875329672e-16