position:
  x: 0.30272120602789782
  y: -0.67747094831842281
  z: 0.29599999999999999
orientation:
  x: -0.99284056619977967
  y: -0.11944710171494749
  z: -7.0280741011988864e-17
  w: 5.174208207406395e-16