position:
  x: -0.55908258580823023
  y: -0.55213049636622635
  z: 0.33200000000000002
orientation:
  x: 0.37824068867144151
  y: -0.9257072871233939
  z: -5.6683223306152209e-17
  w: 2.3160562434438569e-17