position:
  x: -0.42823809888159797
  y: 0.4165850159058751
  z: 0.38700000000000001
orientation:
  x: 0.99648640591237303
  y: -0.083754658567994064
  z: -5.1284937264486683e-18
  w: 6.1017194369721883e-17