position:
  x: 0.5096994456030387
  y: -0.28091728334444965
  z: 0.26000000000000079
orientation:
  x: 0.60197716161787729
  y: 0.79851330414119215
  z: 1.0681158822220298e-14
  w: 2.5319766854599177e-15