position:
  x: 0.44744070644909817
  y: -0.21667710170113927
  z: 0.27699999999999941
orientation:
  x: -0.79107036251593832
  y: 0.61172516831409018
  z: -2.4354817675526809e-15
  w: 6.0533626470928525e-15