position:
  x: 0.61937620884753053
  y: -0.56221663064129901
  z: 0.24299999999999997
orientation:
  x: 0.99995020742091667
  y: -0.0099791121281235899
  z: -6.1104438630195431e-19
  w: 6.1229291041237874e-17