position:
  x: 0.86918650534487996
  y: 0.35759399720943086
  z: 0.22299999999999998
orientation:
  x: 0.62007255004541495
  y: -0.78454447463491606
  z: -4.8039493982519592e-17
  w: 3.7968493182612722e-17