position:
  x: 0.34299651772384271
  y: -0.7378123207170536
  z: 0.313
orientation:
  x: 0.80033868929206153
  y: -0.59954814854377203
  z: -1.6983816782937847e-16
  w: 2.2671749877383876e-16