position:
  x: -0.44653656425110699
  y: -0.4517546045413332
  z: 0.29599999999999915
orientation:
  x: -0.99192631131301812
  y: 0.12681558628555645
  z: 7.0707384196120126e-15
  w: 9.0243779737672523e-15