position:
  x: 0.467683299989752
  y: -0.464315246737728
  z: 0.33000000000000029
orientation:
  x: 0.91078190219404531
  y: 0.41288778940021514
  z: 1.5929579367734407e-14
  w: -3.7410405214501066e-15