position:
  x: -0.43146206347779298
  y: -0.229718055122242
  z: 0.271000000001694
orientation:
  x: 0.36123885982377685
  y: 0.93247331659046295
  z: 1.435153416386981e-15
  w: 7.6764251933848277e-16