position:
  x: -0.38302152619544494
  y: -0.49280227867630094
  z: 0.315
orientation:
  x: 0.8903336220830701
  y: -0.45530873194837901
  z: -2.7879619060221132e-17
  w: 5.4517211022865054e-17