position:
  x: 0.3177787409708609
  y: 0.40549840279453592
  z: 0.26000000000000001
orientation:
  x: 0.99204563565256831
  y: -0.12587873840602193
  z: -7.707849703482088e-18
  w: 6.0745275615500957e-17