position:
  x: 0.45353515710235298
  y: -0.75233565077391296
  z: 0.23699999999999999
orientation:
  x: 0.87177067504985994
  y: -0.48991416607719307
  z: -7.9147817294367453e-16
  w: 1.4083843842262348e-15