position:
  x: -0.16880135385028133
  y: -0.65412106334509679
  z: 0.36799999999999994
orientation:
  x: -0.30367030427944869
  y: 0.95277717557612973
  z: -4.0154375425297202e-16
  w: 4.0418777875329672e-16