position:
  x: 0.52844813138394398
  y: -0.46173528862337798
  z: 0.255
orientation:
  x: 0.23278811541845426
  y: -0.97252747689714369
  z: -1.5711614887877933e-15
  w: 3.7607957685667059e-16