position:
  x: -0.63461136579661204
  y: -0.45980480880889202
  z: 0.27925824613844702
orientation:
  x: -0.83472992002678792
  y: -0.55065956871017163
  z: 9.4453278979249889e-16
  w: 1.3123149530062131e-15