position:
  x: 0.31251834245862298
  y: -0.69104024423049604
  z: 0.29100000000000004
orientation:
  x: -0.99284056619977956
  y: -0.11944710171494767
  z: 6.2332181536689009e-17
  w: 1.6196952771175117e-15