position:
  x: 0.2710033352574524
  y: -0.57736478255149448
  z: 0.25999999999999973
orientation:
  x: -0.20329934854186296
  y: 0.97911662986717474
  z: -1.7055872607583642e-15
  w: 8.2450007765266596e-16