position:
  x: 0.63898193165992001
  y: -0.37187333573002201
  z: 0.23699999999999999
orientation:
  x: 0.23558647818306483
  y: -0.97185338981623171
  z: -1.5700724710615309e-15
  w: 3.8060045663833135e-16