position:
  x: -0.4931265710938782
  y: 0.50486994248103989
  z: 0.38500000000000001
orientation:
  x: 0.65913833681864897
  y: -0.75202171041529464
  z: -4.604804902747042e-17
  w: 4.0360582719013423e-17