position:
  x: 0.6231106009281342
  y: -0.78071898159041864
  z: 0.25499999999999973
orientation:
  x: -0.9633012295010982
  y: -0.26842269136880476
  z: 4.3364882269546506e-16
  w: 1.5562560748647392e-15