position:
  x: -0.46157514221608709
  y: -0.24854529059813135
  z: 0.24199999999999997
orientation:
  x: 0.22155884692563077
  y: 0.97514700294313827
  z: 6.3354676987677778e-17
  w: -2.4724060320678808e-18