position:
  x: -0.17414635173227622
  y: -0.26842147096344504
  z: 0.25500000000169371
orientation:
  x: -0.50325146336739679
  y: -0.86414001447599553
  z: 1.3960567119367916e-15
  w: 8.1302517121845769e-16