position:
  x: 0.87526212759991573
  y: 0.33912176695824986
  z: 0.25600000000000001
orientation:
  x: 0.56407445413087842
  y: -0.82572393098235408
  z: -5.0561008452845495e-17
  w: 3.4539598736608539e-17