position:
  x: -0.034309842735024028
  y: -0.63364706818421157
  z: 0.29400000000000009
orientation:
  x: 0.85127620760897094
  y: 0.52471784642690422
  z: -2.9041369266047314e-16
  w: 1.0334500063019016e-15