position:
  x: -0.27242605707397211
  y: 0.76699963356669676
  z: 0.2420000000002985
orientation:
  x: 1
  y: 0
  z: 0
  w: 6.123233995736766e-17