position:
  x: -0.102889889095249
  y: -0.61280125978014099
  z: 0.25200000000169398
orientation:
  x: 0.92675172775093939
  y: 0.37567437377421503
  z: 3.9351698537624384e-16
  w: 1.5837146923305118e-15