position:
  x: -0.41188321026284008
  y: 0.40961257639608861
  z: 0.43900000000000006
orientation:
  x: 0.99982243800278936
  y: -0.018843897318718689
  z: -1.1538559267415116e-18
  w: 6.1221467420790951e-17