position:
  x: 0.147629084988814
  y: -0.69487301337101204
  z: 0.27300000000000402
orientation:
  x: 0.87527928732795368
  y: 0.48361779245047365
  z: 1.7685194405847307e-13
  w: -4.437229118089186e-14