position:
  x: -0.1478617519551243
  y: -0.85137085108723942
  z: 0.27800000000020425
orientation:
  x: 0.98562252907276315
  y: 0.16896221525598615
  z: 1.4137831209101846e-12
  w: 1.0030694826904038e-12