position:
  x: 0.2708206835529044
  y: -0.27085060860244209
  z: 0.29599999999999999
orientation:
  x: -0.85243108582606175
  y: -0.52283959673823599
  z: 1.5203753833004982e-16
  w: 4.9954807099182136e-16