position:
  x: 0.95914710520861723
  y: 0.12837657918388645
  z: 0.24299999999999997
orientation:
  x: 0.62007255004541495
  y: -0.78454447463491606
  z: -4.8039493982519592e-17
  w: 3.7968493182612722e-17