position:
  x: -0.49228806695207505
  y: 0.51088284954748475
  z: 0.36899999999999999
orientation:
  x: 0.63026215110976203
  y: -0.7763823934624583
  z: -4.7539710653408028e-17
  w: 3.8592426299014778e-17