position:
  x: 0.64308213261158853
  y: -0.77816679599226735
  z: 0.31499999999999206
orientation:
  x: -0.99070771025372761
  y: 0.13600820873688532
  z: 1.5057990189931391e-13
  w: 6.26457991067263e-14