position:
  x: 0.94432032252117803
  y: 0.16549152331185499
  z: 0.247
orientation:
  x: 0.62007255004543493
  y: -0.78454447463490029
  z: -1.2674665693974774e-15
  w: 1.001754843980481e-15