position:
  x: 0.35645597127014222
  y: 0.41927517321291785
  z: 0.24299999999999997
orientation:
  x: 0.99204563565256831
  y: -0.12587873840602193
  z: -7.707849703482088e-18
  w: 6.0745275615500957e-17