position:
  x: 0.11811000467364
  y: 0.94191410372414397
  z: 0.26400000000000001
orientation:
  x: 0.45676124764336357
  y: 0.88958932246923794
  z: 1.4371712033883383e-15
  w: 7.3791815544129511e-16