position:
  x: 0.17941008540306447
  y: -0.58720524455399048
  z: 0.33199999999999996
orientation:
  x: -0.18734370144285348
  y: 0.9822944250730995
  z: -4.5939795620329618e-16
  w: 2.8854718959124441e-16