position:
  x: 0.40834243626882649
  y: -0.36474461185951468
  z: 0.27899999999999892
orientation:
  x: 0.405704812669682
  y: -0.91400416026222675
  z: 1.0084775399621927e-15
  w: 5.706741858270868e-15