position:
  x: -0.26020183586687501
  y: 0.3909892733151189
  z: 0.40500000000033676
orientation:
  x: 0.99784083873864937
  y: -0.065678463329684689
  z: -4.0216459944807587e-18
  w: 6.1100129460989855e-17