position:
  x: -0.24892583104358307
  y: -0.4501801835350373
  z: 0.36299999999999977
orientation:
  x: 0.53297479163259021
  y: -0.84613111955783604
  z: 2.9098199586882581e-15
  w: 1.5883389950412823e-15