position:
  x: 0.69731834822075267
  y: -0.2286574627021066
  z: 0.27300000000000002
orientation:
  x: -0.3644137998608179
  y: 0.93123712472763875
  z: 5.0866329423521697e-17
  w: 2.9801548228046064e-16