position:
  x: 0.8024530437320494
  y: -0.27519141471171615
  z: 0.24199999999999997
orientation:
  x: 0.92456239085097314
  y: 0.38103068829679909
  z: 2.3331400639979392e-17
  w: 5.6613118628383424e-17