position:
  x: 0.58843936304410227
  y: -0.70575609507660664
  z: 0.29699999999999999
orientation:
  x: 0.29998430689277167
  y: -0.95394413652900212
  z: -2.5049411483397989e-16
  w: 1.4773957098143552e-16