position:
  x: -0.59828652054722098
  y: -0.68092622962867599
  z: 0.30600000000169397
orientation:
  x: 0.88594661576194744
  y: -0.46378722925491633
  z: -1.1572801016089257e-15
  w: 1.2176950884424515e-15