position:
  x: -0.660176542398906
  y: -0.174202403192003
  z: 0.273000000001694
orientation:
  x: 0.96494217229157253
  y: -0.26246257663373851
  z: 4.0126667574979947e-15
  w: 8.0582500872437929e-15