position:
  x: -0.30186249685407174
  y: -0.46061001124876316
  z: 0.24099999999999999
orientation:
  x: 0.50098232143707044
  y: 0.86545751692819894
  z: 5.2993988895206757e-17
  w: 3.0676319818865934e-17