position:
  x: 0.58663781632675149
  y: -0.7070589596149115
  z: 0.2729999999999993
orientation:
  x: 0.35940789328704342
  y: 0.93318056465132682
  z: 5.4564438272848907e-15
  w: -9.6723049833660739e-15