position:
  x: -0.30084174556304144
  y: 0.47661692489453911
  z: 0.33099999999999996
orientation:
  x: 0.12461717820830755
  y: 0.99220489763727682
  z: 6.0755027599490911e-17
  w: 7.6306014205789571e-18