position:
  x: 0.28720998575395468
  y: 0.43011276290874434
  z: 0.24199999999999997
orientation:
  x: 0.12587873840602187
  y: 0.99204563565256831
  z: 6.0745275615500957e-17
  w: 7.7078497034820849e-18