position:
  x: 0.45353515710235293
  y: -0.7523356507739134
  z: 0.222
orientation:
  x: 0.87177067504986083
  y: -0.48991416607719152
  z: -2.9998590767168871e-17
  w: 5.338055833951697e-17