position:
  x: 0.48210508744312902
  y: -0.40887327456557598
  z: 0.29000000000000004
orientation:
  x: 0.58582423003375228
  y: 0.81043813552014032
  z: 1.1936730574520642e-15
  w: 1.1063837480623968e-15