position:
  x: 0.3490951486554848
  y: -0.25901088819503504
  z: 0.21700000000000003
orientation:
  x: 0.760917003812832
  y: -0.64884922232249198
  z: -3.9730556162324457e-17
  w: 4.6592728656808957e-17