position:
  x: -0.37008617261795462
  y: 0.49151225095344331
  z: 0.31300000000033673
orientation:
  x: 0.14796027702342437
  y: 0.98899330453909118
  z: 6.0558374239098077e-17
  w: 9.0599539828846169e-18