position:
  x: 1.0390303483586401
  y: -0.098044517384978505
  z: 0.23699999999999999
orientation:
  x: 0.88582914919499267
  y: 0.46401154989555526
  z: 7.4963134190781984e-16
  w: 1.4310964758562047e-15