position:
  x: 0.47266842069844101
  y: -0.63518414813443802
  z: 0.23699999999999999
orientation:
  x: 0.90469163837819122
  y: 0.42606694244987386
  z: 6.8833013721997485e-16
  w: 1.4615696679164145e-15