position:
  x: 0.44605057589261499
  y: -0.61005265020793398
  z: 0.32700000000000001
orientation:
  x: -0.56193749866231424
  y: -0.82717969486511311
  z: 1.299375241488126e-15
  w: 9.6225605151881155e-16