position:
  x: 0.48104365952109518
  y: -0.38719113348287021
  z: 0.29500000000000004
orientation:
  x: 0.91633488457046053
  y: 0.40041276118430691
  z: 6.7011251062249615e-15
  w: -4.381996411776486e-16