position:
  x: -0.534790567642904
  y: -0.31034473751566027
  z: 0.27800000000000002
orientation:
  x: -0.97446591697678098
  y: 0.22453546858035897
  z: 1.144733305505218e-16
  w: 8.9213651660794664e-17