position:
  x: -0.49428897977935687
  y: 0.51311810073194264
  z: 0.34899999999999998
orientation:
  x: 0.63026215110976203
  y: -0.7763823934624583
  z: -4.7539710653408028e-17
  w: 3.8592426299014778e-17