position:
  x: -0.41922776732750616
  y: -0.36792544610396899
  z: 0.24199999999999999
orientation:
  x: 0.13958850317145302
  y: 0.9902095989144688
  z: 6.0632850789779438e-17
  w: 8.5473306803345047e-18