position:
  x: 1.0079400100934699
  y: 0.17371033543768699
  z: 0.26400000000000001
orientation:
  x: 0.78454447463491672
  y: 0.62007255004541406
  z: 1.0017548439804472e-15
  w: 1.2674665693975038e-15