position:
  x: 0.25936829511472109
  y: 0.30180041422269588
  z: 0.24299999999999997
orientation:
  x: 0.99204563565256831
  y: -0.1258787384060219
  z: -7.7078497034820864e-18
  w: 6.0745275615500957e-17