position:
  x: -0.37336922269047201
  y: -0.70973389608520099
  z: 0.29000000000169501
orientation:
  x: 0.098008743464325629
  y: 0.99518555365546979
  z: 1.8097823305213882e-14
  w: -1.3224479274088448e-14