position:
  x: -0.89842067412273108
  y: 0.23923292380281058
  z: 0.22199999999999998
orientation:
  x: 6.123233995736766e-17
  y: 1
  z: 6.123233995736766e-17
  w: 3.749399456654644e-33