position:
  x: 0.125287405365096
  y: 0.946807708446882
  z: 0.255
orientation:
  x: 0.45676124764336357
  y: 0.88958932246923794
  z: 1.4371712033883383e-15
  w: 7.3791815544129511e-16