position:
  x: -0.78042067412273064
  y: 0.12123292380281088
  z: 0.24200000000169392
orientation:
  x: 7.1666596975583694e-15
  y: -1
  z: -6.123233995736766e-17
  w: 4.3883134295965982e-31