position:
  x: -0.34929960332414667
  y: 0.59810098453546845
  z: 0.38399999999939466
orientation:
  x: 0.86860066450345774
  y: -0.49551275021350533
  z: -3.0341405174283561e-17
  w: 5.3186451176071178e-17