position:
  x: -0.61257120288865896
  y: -0.76168918393774798
  z: 0.26700000000000002
orientation:
  x: 0.80056962609551463
  y: -0.59923974648990697
  z: -9.6809852122612785e-16
  w: 1.2933559158941333e-15