position:
  x: 0.082101153385099337
  y: 0.90995278998891083
  z: 0.27800000000000002
orientation:
  x: 0.4567612476433624
  y: 0.88958932246923861
  z: 5.4471635815880786e-17
  w: 2.7968559995049764e-17