position:
  x: -0.61210649503407732
  y: -0.73621536890336992
  z: 0.26100000000000001
orientation:
  x: -0.7751416397504387
  y: 0.63178749459371319
  z: -6.4184496154861224e-17
  w: 2.6680772750882743e-17