position:
  x: 0.76406120664712651
  y: -0.37646188626656552
  z: 0.23999999999999999
orientation:
  x: 0.68790172243468861
  y: 0.72580384421094701
  z: 1.8297462650749504e-16
  w: 2.1874237650928867e-16