position:
  x: -0.33493663598323398
  y: -0.6046597848884
  z: 0.23700000000169399
orientation:
  x: 0.99794981929744553
  y: 0.064001235645851196
  z: 1.0339684900463636e-16
  w: 1.6122324161219684e-15