position:
  x: 0.90275118340026028
  y: -0.21669706416935122
  z: 0.27700000000000019
orientation:
  x: 0.84096427551888797
  y: -0.54109064610376678
  z: -6.718255698867194e-16
  w: 2.0168695650681281e-15