position:
  x: 0.33547456475246695
  y: 0.50234248718680719
  z: 0.314
orientation:
  x: 0.12587873840602187
  y: 0.99204563565256831
  z: 6.0745275615500957e-17
  w: 7.7078497034820849e-18