position:
  x: 0.39325976965882897
  y: -0.211035807370474
  z: 0.23499999999999999
orientation:
  x: -0.1814615416736875
  y: -0.98339804194100799
  z: 1.6663238500232427e-15
  w: -1.2738256661259143e-16