position:
  x: 1.0049930173428516
  y: 0.17314887864701578
  z: 0.27800000000000002
orientation:
  x: 0.78454447463491594
  y: 0.62007255004541495
  z: 3.7968493182612722e-17
  w: 4.8039493982519579e-17