position:
  x: 0.071100875175689623
  y: 0.54156812107316987
  z: 0.23599999999999971
orientation:
  x: -0.11889020404410307
  y: -0.99290740725525439
  z: 1.6040861747051531e-15
  w: 1.9207242409663408e-16