position:
  x: -0.51995139004811497
  y: -0.64754057587983105
  z: 0.33600000000001201
orientation:
  x: 0.82901677605948043
  y: 0.55922373430671313
  z: 1.8755666506532869e-13
  w: 3.8277302285410363e-14