position:
  x: 0.083257318087357812
  y: 0.91078473887690503
  z: 0.22299999999999998
orientation:
  x: 0.45676124764336518
  y: 0.88958932246923716
  z: 5.4471635815880694e-17
  w: 2.7968559995049937e-17