position:
  x: 0.6150324280258338
  y: 0.78399020311174239
  z: 0.26100000000000001
orientation:
  x: 0.031622308443339568
  y: -0.99949988974922566
  z: -6.120171703647608e-17
  w: 1.9363079408393061e-18