position:
  x: 0.00030255872744375939
  y: -0.52559574914436646
  z: 0.24099999999999999
orientation:
  x: -0.75292039361611207
  y: -0.6581116021443163
  z: 1.5530022783427464e-17
  w: 6.7751985753805533e-17