position:
  x: -0.84874092903307141
  y: 0.29075402846543635
  z: 0.31
orientation:
  x: 1.3161864030534215e-14
  y: 1
  z: 6.123233995736766e-17
  w: 8.0593173279032041e-31