position:
  x: 1.0193540869025299
  y: -0.31392547966497197
  z: 0.217
orientation:
  x: 0.89052790321619124
  y: 0.45492862472411422
  z: 7.3495747142712104e-16
  w: 1.4386875224217456e-15