position:
  x: 0.49793318807109799
  y: 0.78185565969089399
  z: 0.23699999999999999
orientation:
  x: 1
  y: 0
  z: 0
  w: 1.6155445744325867e-15