position:
  x: 0.34641993530846399
  y: -0.73763198267557195
  z: 0.23499999999999999
orientation:
  x: 0.80542427095289615
  y: -0.59269869559498423
  z: -5.0711902287611579e-16
  w: 1.6326498200839717e-15