position:
  x: -0.62830454004309599
  y: -0.53011539437896105
  z: 0.30700000000169397
orientation:
  x: 0.62092316123746116
  y: -0.78387143578451546
  z: -1.2663792451343558e-15
  w: 1.0031290442767106e-15