position:
  x: -0.009812481002541007
  y: 0.84357755439807314
  z: 0.25399999999999973
orientation:
  x: 0.88958932246923794
  y: -0.45676124764336351
  z: 7.379181554412952e-16
  w: -1.4371712033883383e-15