position:
  x: 0.81721778663354527
  y: 0.032257540398030943
  z: 0.21700000000000003
orientation:
  x: 0.83988003638694309
  y: 0.54277207415145012
  z: 3.3235204163807162e-17
  w: 5.1427819911451617e-17