position:
  x: 0.50489832471663831
  y: 0.07000823129868014
  z: 0.26100000000000001
orientation:
  x: 0.94891590764372558
  y: 0.31552907983367312
  z: 1.9320583882810873e-17
  w: 5.8104341447794699e-17