position:
  x: 0.86755543572027738
  y: 0.10336013227034777
  z: 0.26100000000000001
orientation:
  x: 0.78454447463489907
  y: 0.62007255004543638
  z: 3.7968493182614035e-17
  w: 4.803949398251855e-17