position:
  x: 0.076293887710617014
  y: -0.72317984406695934
  z: 0.22199999999999998
orientation:
  x: 0.99954063057584319
  y: -0.030307224024081016
  z: -1.8557822446066292e-18
  w: 6.1204211692621676e-17