position:
  x: -0.95920673473431983
  y: -0.150940882582798
  z: 0.223
orientation:
  x: 0.79986713631625217
  y: -0.60017711072752367
  z: -3.675024887869842e-17
  w: 4.8977736411642891e-17