position:
  x: 0.16670398013258386
  y: -0.34440578716697984
  z: 0.31200000000000011
orientation:
  x: 0.80937288786844441
  y: 0.58729509480626041
  z: 4.2174275514634427e-16
  w: 1.1413378518865677e-15