position:
  x: -0.417676849693703
  y: -0.56832223907773205
  z: 0.23700000000169399
orientation:
  x: 0.57422365907421991
  y: 0.8186984727965565
  z: 1.3226438758227216e-15
  w: 9.2768391692818333e-16