position:
  x: -0.42621286974569461
  y: 0.41437177237045286
  z: 0.36699999999999999
orientation:
  x: 0.99648640591237303
  y: -0.083754658567994064
  z: -5.1284937264486683e-18
  w: 6.1017194369721883e-17