position:
  x: 0.49228475762462082
  y: 0.14020504631735997
  z: 0.22299999999999998
orientation:
  x: 0.31552907983367318
  y: -0.94891590764372558
  z: -5.8104341447794699e-17
  w: 1.9320583882810876e-17