position:
  x: 0.40016017524333702
  y: -0.42716486703133999
  z: 0.32699999999999901
orientation:
  x: -0.80979696193380468
  y: 0.58671021845778348
  z: -2.7720991631135452e-15
  w: 6.2931226241719275e-15