position:
  x: 0.42859263552200721
  y: -0.70621517633689934
  z: 0.29399999999999998
orientation:
  x: -0.90499974355134616
  y: -0.4254121109841581
  z: -2.7165518472284835e-16
  w: 1.9535668027520846e-16