position:
  x: -0.78281619499970312
  y: -0.29427481509970865
  z: 0.24100000000000074
orientation:
  x: 0.29213349119124621
  y: 0.95637755270835068
  z: 9.9357812744455015e-15
  w: -2.6747575030845078e-15