position:
  x: 0.719767260640781
  y: -0.69159799211047601
  z: 0.23499999999999999
orientation:
  x: -0.45288792297429414
  y: 0.89156745635090884
  z: -1.723428459990707e-15
  w: 1.744180892198165e-16