position:
  x: -0.048395841283286098
  y: 0.70636417467294499
  z: 0.254
orientation:
  x: 0.70710678118655701
  y: 0.70710678118653814
  z: 1.1423625238904019e-15
  w: 1.1423625238904325e-15