position:
  x: 0.204102959212041
  y: 0.60378778408558698
  z: 0.23599999999999999
orientation:
  x: 0.082799860597934663
  y: 0.99656619603765539
  z: 1.6099971110715558e-15
  w: 1.3376686555276785e-16