position:
  x: -0.23613206417790106
  y: -0.60076282673861781
  z: 0.30800000000169975
orientation:
  x: -0.23037964141889858
  y: 0.97310082767393624
  z: 4.8056956654347624e-14
  w: -8.6424084172558031e-14