position:
  x: -0.44611483500459959
  y: -0.3614217843665789
  z: 0.29499999999999998
orientation:
  x: 0.092355124305054631
  y: 0.99572613253574793
  z: 4.6062892444003394e-16
  w: 5.0523771898708053e-16