position:
  x: 0.77804002373794201
  y: -0.22037096586497201
  z: 0.29100000000000004
orientation:
  x: 0.60847355190562691
  y: 0.79357415320267988
  z: 1.2820544176165238e-15
  w: 9.8301614546686056e-16