position:
  x: -0.41070938734706414
  y: 0.49726719633030164
  z: 0.33300000000000002
orientation:
  x: 0.80394758741718042
  y: 0.59470015695818945
  z: 3.6414882183563762e-17
  w: 4.9227591980634345e-17