position:
  x: 0.99045242426199398
  y: 0.110335940119367
  z: 0.23499999999999999
orientation:
  x: 0.82572393098232832
  y: 0.56407445413091617
  z: 9.1128742394722463e-16
  w: 1.3339938166776483e-15