position:
  x: 0.062931118649108303
  y: 0.326414612674992
  z: 0.23599999999999999
orientation:
  x: 0.9929074072552545
  y: -0.11889020404410164
  z: -1.9207242409663159e-16
  w: 1.6040861747051533e-15