position:
  x: -0.27108009903066621
  y: -0.33283844220850078
  z: 0.24199999999999999
orientation:
  x: 0.95700982461090367
  y: -0.29005550434047522
  z: -1.7760777248281711e-17
  w: 5.8599950923115653e-17