position:
  x: 0.87092906608487897
  y: -0.63890444445393302
  z: 0.23699999999999999
orientation:
  x: 0.97758730970213081
  y: 0.21053040613970755
  z: 3.4012125539209347e-16
  w: 1.5793358742234263e-15