position:
  x: 0.77772797731774501
  y: 0.144225460515467
  z: 0.23699999999999999
orientation:
  x: 0.83988003638696196
  y: 0.54277207415142081
  z: 8.768724795488496e-16
  w: 1.3568636359591999e-15