position:
  x: 0.108519883433752
  y: 0.93503726449279101
  z: 0.27300000000000002
orientation:
  x: 0.45676124764336357
  y: 0.88958932246923794
  z: 1.4371712033883383e-15
  w: 7.3791815544129511e-16