position:
  x: -0.49866892155580517
  y: 0.81849926485032121
  z: 0.2410000000002985
orientation:
  x: 0.70710678118655201
  y: 0.70710678118654302
  z: 4.3297802811774387e-17
  w: 4.3297802811774942e-17