position:
  x: 0.71398970425602759
  y: 0.37698437380819155
  z: 0.27300000000000002
orientation:
  x: 0.56407445413087842
  y: -0.82572393098235408
  z: -5.0561008452845495e-17
  w: 3.4539598736608539e-17