position:
  x: -0.34977299127603295
  y: -0.29860240540791744
  z: 0.22300000000000003
orientation:
  x: 0.22191734216443512
  y: 0.97506548151735584
  z: 2.3241308304948644e-16
  w: 2.5531564858881286e-16