position:
  x: -0.94899476245435199
  y: 0.096375544364132301
  z: 0.28500000000007403
orientation:
  x: 0.70710678118654624
  y: -0.70710678118654879
  z: -1.1423625238904192e-15
  w: 1.1423625238904151e-15