position:
  x: 0.28352795924955898
  y: 0.47113271487886821
  z: 0.315
orientation:
  x: 0.12587873840602187
  y: 0.99204563565256831
  z: 6.0745275615500957e-17
  w: 7.7078497034820849e-18