position:
  x: 0.15766148082801554
  y: 0.96811914043923908
  z: 0.22199999999999998
orientation:
  x: 0.45676124764336218
  y: 0.88958932246923872
  z: 5.4471635815880792e-17
  w: 2.7968559995049752e-17