position:
  x: 0.89657930246690698
  y: 0.37723031038752602
  z: 0.23599999999999999
orientation:
  x: 0.82572393098235375
  y: 0.56407445413087898
  z: 9.1128742394716448e-16
  w: 1.3339938166776893e-15