position:
  x: 0.20832284127796519
  y: 0.85275588338262365
  z: 0.29600000000000004
orientation:
  x: 0.6840755697109322
  y: -0.72941114258329198
  z: -4.4663551051352106e-17
  w: 4.1887547841069762e-17