position:
  x: 0.58117095737195601
  y: 0.32856910423469998
  z: 0.249
orientation:
  x: 0.62007255004543493
  y: -0.78454447463490029
  z: -1.2674665693974774e-15
  w: 1.001754843980481e-15