position:
  x: -0.61435713603517395
  y: -0.29751640148209502
  z: 0.216000000001694
orientation:
  x: 0.011177869095505857
  y: 0.99993752566972094
  z: 1.6154436443672632e-15
  w: 1.8058345770962172e-17