position:
  x: -0.58042605707397066
  y: 0.81299963356669736
  z: 0.2420000000002985
orientation:
  x: 1
  y: 0
  z: 0
  w: 6.123233995736766e-17