position:
  x: 0.47965786526495008
  y: -0.094390906040199826
  z: 0.24100000000006913
orientation:
  x: 0.78234568434812524
  y: -0.62284446708778241
  z: -3.9809374615788521e-13
  w: 9.1463696962706459e-13