position:
  x: -0.57410995835887002
  y: -0.84166087046724303
  z: 0.26500000000000001
orientation:
  x: -0.88506356907814387
  y: 0.46547016949602438
  z: -8.3933162490262723e-16
  w: 1.3839240293231888e-15