position:
  x: -0.30939496232676739
  y: 0.4594688637943799
  z: 0.24099999999939464
orientation:
  x: 0.74359974781256599
  y: -0.6686250182674055
  z: -4.0941474422550938e-17
  w: 4.5532352550271898e-17