position:
  x: -0.386025932473684
  y: 0.57231924974405712
  z: 0.49299999999999999
orientation:
  x: 0.93885921079176027
  y: 0.34430129583182389
  z: 2.1082373994136454e-17
  w: 5.7488546367306971e-17