position:
  x: -0.38120334197428601
  y: -0.61091630147618503
  z: 0.37799999999966399
orientation:
  x: 0.20382465762583274
  y: 0.97900741005556846
  z: 2.2789411051937266e-15
  w: -3.0200254562050745e-15