position:
  x: -0.65589552525312556
  y: 0.43206871777663214
  z: 0.2400000000002985
orientation:
  x: 0.70710678118654713
  y: 0.70710678118654791
  z: 4.3297802811774689e-17
  w: 4.329780281177464e-17