position:
  x: -0.28698127559363507
  y: -0.66971160094958126
  z: 0.24000000000003729
orientation:
  x: 0.35742863438426609
  y: 0.93394045384178459
  z: 8.0666407603575548e-13
  w: -3.6008169154757688e-13