position:
  x: 0.082332573989080435
  y: 0.53437619890124521
  z: 0.24299999999999997
orientation:
  x: 0.11889020404410158
  y: 0.9929074072552545
  z: 6.0798043907242243e-17
  w: 7.2799253916292362e-18