position:
  x: -0.14845198612005328
  y: -0.85431221533373058
  z: 0.26100000000020424
orientation:
  x: 0.98562252907276315
  y: 0.16896221525598615
  z: 1.4137831209101846e-12
  w: 1.0030694826904038e-12