position:
  x: -0.33763116265228754
  y: 0.59127451762748495
  z: 0.33199999999939467
orientation:
  x: 0.82465473192476602
  y: -0.56563643191903079
  z: -3.4635242291538539e-17
  w: 5.0495538892669165e-17