position:
  x: 0.71518909008403031
  y: -0.287056253940422
  z: 0.24099999999999999
orientation:
  x: -0.77769456896140132
  y: 0.62864231277248606
  z: -1.2910590426918704e-17
  w: 6.8299559559824367e-17