position:
  x: -0.30854419347741618
  y: 0.64978244985910583
  z: 0.24199999999966323
orientation:
  x: 0.00057924430383036118
  y: 0.99999983223800415
  z: 6.1232329684908097e-17
  w: 3.5468484130509436e-20