position:
  x: 0.058710034023667368
  y: 0.49279060255142598
  z: 0.24299999999999997
orientation:
  x: 0.11889020404410312
  y: 0.99290740725525439
  z: 6.0798043907242243e-17
  w: 7.2799253916293302e-18