position:
  x: 0.24817234580846598
  y: 0.32850105802170904
  z: 0.23999999999999999
orientation:
  x: 0.99204563565256831
  y: -0.12587873840602193
  z: -7.707849703482088e-18
  w: 6.0745275615500957e-17