position:
  x: -0.31684362797284998
  y: -0.19096579987738938
  z: 0.24299999999999891
orientation:
  x: -0.34522112153981116
  y: -0.93852137814905146
  z: 1.1436679266085618e-14
  w: -5.1866798917465721e-15