position:
  x: -0.21544909987904215
  y: -1.0076623334420265
  z: 0.245
orientation:
  x: 0.99978607076833004
  y: -0.020683633569171012
  z: -1.1637611629360304e-16
  w: 5.8837846146966881e-17