position:
  x: 0.1395207381014974
  y: 0.95701408003553978
  z: 0.26000000000000001
orientation:
  x: 0.45676124764336518
  y: 0.88958932246923716
  z: 5.4471635815880694e-17
  w: 2.7968559995049937e-17