position:
  x: -0.37621131884156478
  y: -0.50707063501582994
  z: 0.24299999999999997
orientation:
  x: 0.86779190875930901
  y: -0.49692776446066594
  z: -1.8816036539917946e-18
  w: 6.9483614967321128e-17