position:
  x: 0.79959266998704903
  y: -0.27428683633539208
  z: 0.22299999999999998
orientation:
  x: 0.92456239085097314
  y: 0.38103068829679909
  z: 2.3331400639979392e-17
  w: 5.6613118628383424e-17