position:
  x: -0.66045369029883261
  y: 0.32090873623594801
  z: 0.27600000000029851
orientation:
  x: 6.123233995736766e-17
  y: 1
  z: 6.123233995736766e-17
  w: 3.749399456654644e-33