position:
  x: 0.8973684783405832
  y: 0.2830029164289225
  z: 0.25600000000000001
orientation:
  x: 0.56407445413087842
  y: -0.82572393098235408
  z: -5.0561008452845495e-17
  w: 3.4539598736608539e-17