position:
  x: -0.39916211671195656
  y: -0.74369566182904967
  z: 0.23999999999995569
orientation:
  x: -0.4724743339325842
  y: -0.88134442970666182
  z: 7.6935297032552345e-13
  w: -2.3237575175295751e-13