position:
  x: 0.042195792321430621
  y: 0.6924453248700515
  z: 0.24199999999999997
orientation:
  x: 0.68407556971093419
  y: -0.7294111425832901
  z: -4.4663551051351996e-17
  w: 4.1887547841069885e-17