position:
  x: 0.37781647859260881
  y: -0.53695169403209431
  z: 0.29599999999999538
orientation:
  x: -0.82119303834919244
  y: 0.57065050054023592
  z: -1.5942767154293595e-14
  w: 4.4155980378210112e-14