position:
  x: -0.39029532008009193
  y: 0.54467990243697006
  z: 0.22299999999966325
orientation:
  x: 0.89952293900152414
  y: 0.43687353113923061
  z: 2.6750788577093014e-17
  w: 5.5079894400391818e-17