position:
  x: -0.58185629719277643
  y: -0.35101205340751013
  z: 0.25799999999999995
orientation:
  x: -0.019281359351610041
  y: -0.99981409731087212
  z: 4.9634783058355183e-16
  w: 4.7019462969397296e-16