position:
  x: 0.32219257015737746
  y: -0.17939795295430788
  z: 0.29100000000000004
orientation:
  x: -0.19947917862808459
  y: 0.97990206515440348
  z: -4.6891776331414384e-16
  w: 2.2973858957861626e-16