position:
  x: 0.34316547106473722
  y: -0.25413501519628984
  z: 0.25800000000000001
orientation:
  x: -0.76091691639521242
  y: 0.64884932483867264
  z: 1.6051535884244078e-16
  w: 2.1734649158808371e-16