position:
  x: 0.93682716780276598
  y: 0.31121028992958
  z: 0.254
orientation:
  x: 0.82572393098232832
  y: 0.56407445413091617
  z: 9.1128742394722463e-16
  w: 1.3339938166776483e-15