position:
  x: 0.30539169003939398
  y: 0.47582070762092898
  z: 0.27200000000000002
orientation:
  x: 0.12587873840602209
  y: 0.99204563565256831
  z: 1.6026939442680334e-15
  w: 2.0336271286826788e-16