position:
  x: -0.44450556331651098
  y: -0.67724211666934098
  z: 0.36200000000000004
orientation:
  x: 0.95340872706315405
  y: -0.30168161886302619
  z: -3.8745683286852312e-15
  w: 4.6848588224620846e-16