position:
  x: -0.63590981467337904
  y: -0.78883147518829699
  z: 0.23500000000169399
orientation:
  x: 0.91781521630045548
  y: -0.39700784466726602
  z: -6.4138386945937673e-16
  w: 1.4827713930258718e-15