position:
  x: -0.90886862575329563
  y: -0.27390770994280716
  z: 0.24299999999999997
orientation:
  x: 0.86370961560594595
  y: -0.50398978155298857
  z: -3.0860473639092059e-17
  w: 5.2886960807230629e-17