position:
  x: 0.72470641820842541
  y: -0.055131929251065678
  z: 0.25499999999999989
orientation:
  x: -0.86147748433397242
  y: 0.5077957699563973
  z: -2.837356575384649e-16
  w: 9.3482535251200774e-16