position:
  x: -0.49163719279659185
  y: 0.49788798706246629
  z: 0.42099999999999999
orientation:
  x: 0.68313839298927681
  y: -0.73028894009428114
  z: -4.4717300646958728e-17
  w: 4.1830162317449225e-17