position:
  x: -0.40882298139235407
  y: -0.7283965782158992
  z: 0.22499999999999634
orientation:
  x: -0.55472989000787076
  y: -0.83203049771739468
  z: 3.032773272622699e-14
  w: -6.1507320836523077e-15