position:
  x: -0.26750582726582856
  y: 0.6273145172550062
  z: 0.51099999999905787
orientation:
  x: 0.410692852135632
  y: 0.91177375549239181
  z: 5.583004056051595e-17
  w: 2.5147684340029947e-17