position:
  x: -0.49111890285972765
  y: 0.5026407569208895
  z: 0.38500000000000001
orientation:
  x: 0.65913833681864897
  y: -0.75202171041529464
  z: -4.604804902747042e-17
  w: 4.0360582719013423e-17