position:
  x: -0.54559854026403598
  y: -0.069630914007931921
  z: 0.24299999999999997
orientation:
  x: 0.88761860073721299
  y: -0.46057922187753114
  z: -2.8202343491304854e-17
  w: 5.4350963912824019e-17