position:
  x: -0.29102475702113162
  y: 0.49281575912725289
  z: 0.43900000000000006
orientation:
  x: 0.018843897318719185
  y: 0.99982243800278936
  z: 6.1221467420790951e-17
  w: 1.1538559267415421e-18