position:
  x: -0.55871849870207591
  y: 0.088443039820470193
  z: 0.24300000000169392
orientation:
  x: 0.7071067811865468
  y: -0.70710678118654824
  z: -4.3297802811774707e-17
  w: 4.3297802811774621e-17