position:
  x: -0.62315006960092301
  y: -0.61627106759587102
  z: 0.31425824613844699
orientation:
  x: 0.54856078055652513
  y: 0.8361106804934475
  z: 1.4951355096990412e-15
  w: 6.6619018154643189e-16