position:
  x: 0.69018651034795198
  y: -0.43381963512077898
  z: 0.309
orientation:
  x: 0.96717897935292552
  y: 0.25409608792311872
  z: 4.1050355622873997e-16
  w: 1.5625207525988656e-15