position:
  x: 0.68287101968701602
  y: 0.13331097830629299
  z: 0.217
orientation:
  x: 0.83988003638694286
  y: 0.54277207415145023
  z: 8.7687247954889712e-16
  w: 1.3568636359591691e-15