position:
  x: -0.14786175195512741
  y: -0.85137085108723787
  z: 0.27900000000020425
orientation:
  x: 0.98562252907276315
  y: 0.16896221525598615
  z: 1.4137831209101846e-12
  w: 1.0030694826904038e-12