position:
  x: 0.44662444382952099
  y: -0.60610957623109396
  z: 0.308
orientation:
  x: -0.90158220021601876
  y: -0.43260783193747515
  z: 8.3506598388897082e-15
  w: -2.2150129774504764e-15