position:
  x: -0.37697451590722197
  y: -0.70219277335992802
  z: 0.217000000001694
orientation:
  x: 0.99534514344544045
  y: -0.096374506066570984
  z: -1.5569731038946917e-16
  w: 1.6080244461811061e-15