position:
  x: -0.59786788247933897
  y: -0.60366005319220195
  z: 0.26599999999999902
orientation:
  x: -0.50506971918860977
  y: 0.86307854727060551
  z: -4.8560302470315394e-15
  w: 2.4795472194103063e-14