position:
  x: 0.48470038470538002
  y: -0.39626355604338898
  z: 0.28799999999999998
orientation:
  x: 0.91633488457046053
  y: 0.4004127611843068
  z: 6.4343966261326485e-15
  w: -1.0486012934480724e-15