position:
  x: 0.13534130828791729
  y: -0.67962742658624176
  z: 0.29499999999999998
orientation:
  x: 0.99801780718037103
  y: -0.062932158320557818
  z: -3.8534833125352801e-18
  w: 6.1110965652775085e-17