position:
  x: -0.61240639510684003
  y: -0.429000490208375
  z: 0.315258246138447
orientation:
  x: 0.91812530274160087
  y: 0.39629020738045456
  z: 8.3421002278679783e-15
  w: 3.7213633566305987e-15