position:
  x: 0.41167366636311598
  y: -0.77273903551549616
  z: 0.24299999999999997
orientation:
  x: 0.92706839937231023
  y: 0.37489222836071523
  z: 2.2955528374358426e-17
  w: 5.6766567394097997e-17