position:
  x: 0.10286441053651291
  y: -0.2989490004306391
  z: 0.2970000000000001
orientation:
  x: 0.57803041120608434
  y: -0.81601522272622151
  z: -4.4142507337570779e-16
  w: 6.3518556817582866e-16