position:
  x: -0.32733496763761477
  y: 0.44680245855780776
  z: 0.24199999999999997
orientation:
  x: 0.32714253361136836
  y: 0.94497500639029319
  z: 5.7863030842506111e-17
  w: 2.0031702832605883e-17