position:
  x: 0.060427561495004972
  y: 0.44809573766912891
  z: 0.22299999999999998
orientation:
  x: 0.11889020404410312
  y: 0.99290740725525439
  z: 6.0798043907242243e-17
  w: 7.2799253916293302e-18