position:
  x: 0.94664489937368401
  y: -0.28097107551545603
  z: 0.255
orientation:
  x: 0.83881181846536335
  y: -0.54442146651544732
  z: -8.795371464336631e-16
  w: 1.3551378822916496e-15