position:
  x: 0.19321895459806712
  y: -0.32201338081902442
  z: 0.22299999999999998
orientation:
  x: 0.99797898839962385
  y: 0.06354477722727038
  z: 3.8909954016954144e-18
  w: 6.1108588687995647e-17