position:
  x: 0.71196906764953005
  y: -0.16451203471151099
  z: 0.309
orientation:
  x: -0.40546854112523306
  y: 0.91410899905742926
  z: -1.5568123689993932e-15
  w: 4.7463208255874707e-16