position:
  x: -0.469306528988504
  y: -0.79002669935859504
  z: 0.24325824613844699
orientation:
  x: 0.29294065668979091
  y: 0.95613062478834665
  z: 1.5446716433256528e-15
  w: 4.732586885459108e-16