position:
  x: 0.40789451220312306
  y: 0.14224623262769093
  z: 0.27900000000000003
orientation:
  x: 0.31552907983368311
  y: -0.94891590764372225
  z: -5.8104341447794489e-17
  w: 1.9320583882811483e-17