position:
  x: -0.18867119379023201
  y: -0.53170398312917999
  z: 0.271000000001694
orientation:
  x: 0.89987105492101227
  y: 0.43615603230420241
  z: 5.270192779298481e-16
  w: 1.5398672172475967e-15