position:
  x: -0.22608721103991544
  y: -0.68940416358760959
  z: 0.23400000000169371
orientation:
  x: -0.98552957168715494
  y: -0.16950357910714722
  z: 2.7384058757345628e-16
  w: 1.5921669524820542e-15