position:
  x: -0.29290675943600147
  y: 0.48735887152939311
  z: 0.40300000000000002
orientation:
  x: 0.048918222679340977
  y: 0.99880278708556591
  z: 6.1159031809189679e-17
  w: 2.9953772412116194e-18