position:
  x: 0.69018651034795175
  y: -0.4338196351207787
  z: 0.28900000000000003
orientation:
  x: 0.96717897935292552
  y: 0.25409608792311866
  z: 1.5558898037545584e-17
  w: 5.9222632063358215e-17