position:
  x: -0.58810235989668502
  y: -0.69394841849450395
  z: 0.32400000000169399
orientation:
  x: 0.90338603990498911
  y: -0.42882824406139752
  z: -6.9279114305684385e-16
  w: 1.4594604153866454e-15