position:
  x: -0.44494751835828533
  y: -0.36456805529529451
  z: 0.27800000000000002
orientation:
  x: 0.099289070944252739
  y: 0.99505863163485353
  z: 6.0929768409778433e-17
  w: 6.079702146109679e-18