position:
  x: 0.89375660122710288
  y: -0.2801600676138577
  z: 0.24099999999999999
orientation:
  x: 0.83881181846536212
  y: -0.54442146651544909
  z: -3.3336200317762636e-17
  w: 5.1362410428528819e-17