position:
  x: -0.0074204521274582299
  y: 0.63479303995332204
  z: 0.249
orientation:
  x: 0.68407556971092998
  y: -0.72941114258329409
  z: -1.1783962139311146e-15
  w: 1.1051545751483737e-15