position:
  x: 0.27271557817411585
  y: 0.45238761600562816
  z: 0.27600000000000002
orientation:
  x: 0.12587873840602187
  y: 0.99204563565256831
  z: 6.0745275615500957e-17
  w: 7.7078497034820849e-18