position:
  x: -0.31075571896425502
  y: -0.71045131292663699
  z: 0.32400000000169399
orientation:
  x: -0.99956282326826085
  y: -0.029566236486633812
  z: -2.1528335409804164e-16
  w: 1.6226190642908696e-15