position:
  x: 0.13952073810149701
  y: 0.95701408003554
  z: 0.26600000000000001
orientation:
  x: 0.45676124764336357
  y: 0.88958932246923794
  z: 1.4371712033883383e-15
  w: 7.3791815544129511e-16