position:
  x: 0.4978021411223168
  y: -0.5314203853748124
  z: 0.27300000000000002
orientation:
  x: 0.88092319928469098
  y: -0.47325924920916707
  z: -2.89787712355443e-17
  w: 5.3940988814932135e-17