position:
  x: 0.25432780995087551
  y: -0.95226134524719575
  z: 0.22199999999999998
orientation:
  x: 0.99998794549909265
  y: 0.0049100770364305605
  z: 3.0065550631158041e-19
  w: 6.1231601832070085e-17