position:
  x: -0.1751130949526071
  y: -0.62255082100525083
  z: 0.27699999999999964
orientation:
  x: -0.94165302706754661
  y: -0.33658516992661219
  z: 1.1079599170938525e-14
  w: 1.1337706240511819e-16