position:
  x: -0.294003350382603
  y: -0.97588990928338004
  z: 0.25400000000169398
orientation:
  x: 0.99332349552696397
  y: -0.11536218285943461
  z: -1.8637274861325955e-16
  w: 1.6047583838549985e-15