position:
  x: 0.023738223792132154
  y: -0.37614049895578788
  z: 0.27700000000000014
orientation:
  x: 0.61200153382312339
  y: -0.79085657523861075
  z: -7.2513223132119874e-16
  w: 9.7708868111682362e-16