position:
  x: -0.33028661062875536
  y: 0.58932311000394766
  z: 0.32999999999966323
orientation:
  x: 0.97849605119615257
  y: 0.20626555164044336
  z: 1.2630122379541602e-17
  w: 5.9915602853784639e-17