position:
  x: 0.50937113450434501
  y: -0.292388506727708
  z: 0.28900000000000098
orientation:
  x: 0.9227163098479001
  y: 0.38547971612093174
  z: 5.92577189003762e-14
  w: -6.6413380634470629e-15