position:
  x: 0.9443203225211777
  y: 0.16549152331185527
  z: 0.26000000000000001
orientation:
  x: 0.62007255004543671
  y: -0.78454447463489885
  z: -4.8039493982518538e-17
  w: 3.7968493182614053e-17