position:
  x: 0.30100630225302105
  y: 0.3831944961700206
  z: 0.22199999999999998
orientation:
  x: 0.99204563565256831
  y: -0.12587873840602193
  z: -7.707849703482088e-18
  w: 6.0745275615500957e-17