position:
  x: 0.11925794863993805
  y: 0.94273726600805707
  z: 0.22199999999999998
orientation:
  x: 0.45676124764336218
  y: 0.88958932246923872
  z: 5.4471635815880792e-17
  w: 2.7968559995049752e-17