position:
  x: 0.76330461077445955
  y: -0.63748903045298344
  z: 0.27700000000015867
orientation:
  x: 0.59779925283110691
  y: -0.80164584032761643
  z: -4.4622663608378812e-13
  w: 5.6542602104192186e-13