position:
  x: 0.98772567205877804
  y: -0.12031785280803421
  z: 0.27899999999999958
orientation:
  x: -0.88619051477415001
  y: -0.46332102426322824
  z: 1.8966444271246837e-14
  w: -4.334664695724542e-15