position:
  x: -0.23779499353690475
  y: -0.56024894709629403
  z: 0.2400000000000069
orientation:
  x: 0.31943067908949607
  y: -0.94760964603386311
  z: -5.7535837408345996e-14
  w: 1.1590024838507448e-13