position:
  x: 0.75979761905319432
  y: 0.15893519298850389
  z: 0.22199999999999998
orientation:
  x: 0.78454447463489907
  y: 0.62007255004543638
  z: 3.7968493182614035e-17
  w: 4.803949398251855e-17