position:
  x: 0.91359192970194447
  y: -0.55888638194839035
  z: 0.315
orientation:
  x: 0.93757221194968166
  y: 0.34779066603314873
  z: 1.4466365193568446e-16
  w: 1.1646753136124727e-17