position:
  x: 0.24295826905923387
  y: 1.0070435139251885
  z: 0.24499999999999997
orientation:
  x: 0.45676124764336218
  y: 0.88958932246923872
  z: 5.4471635815880792e-17
  w: 2.7968559995049752e-17