position:
  x: -0.45625437470788899
  y: -0.329365292628503
  z: 0.23700000000169399
orientation:
  x: 0.89468549132095665
  y: -0.44669662145552264
  z: -7.2165830320983665e-16
  w: 1.4454042913271248e-15