position:
  x: 0.85832290898943886
  y: -0.6547487591041351
  z: 0.27799999999999991
orientation:
  x: -0.98171857928553607
  y: -0.19033820185550948
  z: 7.1737923180707236e-15
  w: 7.0711410441208959e-16