position:
  x: -0.047575789462211984
  y: 0.56095107843270453
  z: 0.26000000000190882
orientation:
  x: 0.70710678118654724
  y: 0.70710678118654779
  z: 4.3297802811774683e-17
  w: 4.3297802811774646e-17