position:
  x: 0.60750526608512045
  y: -0.52308116627718704
  z: 0.30900000000000005
orientation:
  x: 0.99707129627292823
  y: 0.07647764476382983
  z: 4.6829051433176267e-18
  w: 6.1053008575117193e-17