position:
  x: -0.23567567491311878
  y: -0.24931085427253311
  z: 0.29599999999999943
orientation:
  x: -0.32047580125163816
  y: -0.94725670270107909
  z: 1.6834183080584606e-14
  w: -1.1459857912526259e-14