position:
  x: 0.32860556969520038
  y: -0.65908388282349883
  z: 0.223
orientation:
  x: 0.40535009981366033
  y: -0.91416152652638782
  z: -5.5976249368209951e-17
  w: 2.4820535113542964e-17