position:
  x: -0.89548909361753126
  y: 0.23859587141757654
  z: 0.25800000000000001
orientation:
  x: 6.123233995736766e-17
  y: 1
  z: 6.123233995736766e-17
  w: 3.749399456654644e-33