position:
  x: 0.60599017802208477
  y: 0.34316114762049427
  z: 0.24099999999999999
orientation:
  x: 0.62007255004543671
  y: -0.78454447463489885
  z: -4.8039493982518538e-17
  w: 3.7968493182614053e-17