position:
  x: 0.14289527393105797
  y: 0.33035298523859552
  z: 0.22299999999999998
orientation:
  x: 0.11889020404410158
  y: 0.9929074072552545
  z: 6.0798043907242243e-17
  w: 7.2799253916292362e-18