position:
  x: -0.21378732825243324
  y: -0.37923114886678316
  z: 0.27800000000000008
orientation:
  x: 0.91886059478769511
  y: -0.39458232011381744
  z: 6.5920458747650605e-16
  w: 1.7996314723298996e-15