position:
  x: -0.48466230037183594
  y: 0.48047026032461837
  z: 0.52900000000000003
orientation:
  x: 0.73428427259571927
  y: -0.67884210757625774
  z: -4.1567090708485362e-17
  w: 4.4961944204929511e-17