position:
  x: 0.8710159594354826
  y: 0.27664461395245954
  z: 0.29700000000000004
orientation:
  x: 0.62007255004541495
  y: -0.78454447463491606
  z: -4.8039493982519592e-17
  w: 3.7968493182612722e-17