position:
  x: -0.43816615073896198
  y: -0.60056201620403404
  z: 0.26400000000000001
orientation:
  x: -0.99920094224512113
  y: 0.039968450263453081
  z: 1.1844592287377863e-15
  w: 1.6642153784093877e-15