position:
  x: 0.23793527140599249
  y: -0.21151165256049018
  z: 0.31299999999999994
orientation:
  x: -0.4834757826980085
  y: 0.87535773689649199
  z: -2.1616031304350555e-16
  w: 1.945481983087261e-16