position:
  x: 0.50505938134296202
  y: -0.29778173341497649
  z: 0.27699999999997899
orientation:
  x: -0.59976651112650814
  y: -0.80017506342745781
  z: 1.5182659634248789e-13
  w: 6.0028361379925758e-14