position:
  x: 0.093942436769811996
  y: 0.48765114708229301
  z: 0.217
orientation:
  x: 0.99290740725525395
  y: -0.11889020404410611
  z: -1.9207242409663881e-16
  w: 1.6040861747051523e-15