position:
  x: 0.44875048404678902
  y: -0.22388087848843699
  z: 0.27099999999999902
orientation:
  x: -0.79107036251593688
  y: 0.61172516831409207
  z: -2.7071423141946965e-15
  w: 6.4046684593183519e-15