position:
  x: -0.24342189880716292
  y: -0.56738176769948678
  z: 0.39899999999966274
orientation:
  x: -0.95959563430999428
  y: -0.28138269067801547
  z: 4.5458627926411055e-16
  w: 1.5502695206587079e-15