position:
  x: 0.13720643481770597
  y: 0.35673583521233293
  z: 0.23599999999999971
orientation:
  x: -0.11889020404410158
  y: -0.9929074072552545
  z: 1.6040861747051533e-15
  w: 1.9207242409663168e-16