position:
  x: 0.74095282902897863
  y: -0.13806848247788522
  z: 0.29600000000000004
orientation:
  x: 0.70710678118653902
  y: -0.70710678118655601
  z: -4.3297802811775182e-17
  w: 4.3297802811774147e-17