position:
  x: -0.36724375134113035
  y: -0.87084849226587602
  z: 0.34799999999999998
orientation:
  x: 0.98463608157343385
  y: -0.17461897624174189
  z: -3.473594780444457e-16
  w: 4.51604406627953e-16