position:
  x: 0.75906966085802241
  y: -0.38005908030835706
  z: 0.24299999999999997
orientation:
  x: 0.95017783313124904
  y: 0.31170833390527786
  z: 1.9086630669232647e-17
  w: 5.8181612098247596e-17