position:
  x: 0.13281164632039999
  y: 0.47820738994265399
  z: 0.27200000000000002
orientation:
  x: 0.99290740725525395
  y: -0.11889020404410611
  z: -1.9207242409663881e-16
  w: 1.6040861747051523e-15