position:
  x: 0.8563202374225688
  y: 0.2478445477886661
  z: 0.313
orientation:
  x: 0.62007255004543671
  y: -0.78454447463489885
  z: -4.8039493982518538e-17
  w: 3.7968493182614053e-17