position:
  x: 0.45185970255747254
  y: -0.7498471066075304
  z: 0.223
orientation:
  x: 0.87177067504986083
  y: -0.48991416607719152
  z: -2.9998590767168871e-17
  w: 5.338055833951697e-17