position:
  x: 0.84377887144870467
  y: 0.28313627024533738
  z: 0.29499999999999998
orientation:
  x: 0.62007255004541495
  y: -0.78454447463491606
  z: -4.8039493982519592e-17
  w: 3.7968493182612722e-17