position:
  x: -0.048024185534254242
  y: -0.65829344287082625
  z: 0.29700000000000004
orientation:
  x: 0.88174191650501188
  y: 0.4717321196167043
  z: -4.0401197904254859e-17
  w: 3.4288433150961419e-16