position:
  x: -0.84869092903307197
  y: 0.333754028465436
  z: 0.26400000000000001
orientation:
  x: 1.1607551796058996e-14
  y: 1
  z: 1.6155445744325867e-15
  w: 1.8752517326568338e-29