position:
  x: -0.28182176936898418
  y: -0.79487511650421816
  z: 0.29499999999999882
orientation:
  x: -0.013586883270519948
  y: 0.99990769404130164
  z: -7.9450394718189605e-15
  w: 8.1352005256940438e-15