position:
  x: 1.0079400100934723
  y: 0.17371033543768979
  z: 0.27800000000000002
orientation:
  x: 0.78454447463489874
  y: 0.62007255004543682
  z: 3.7968493182614059e-17
  w: 4.8039493982518532e-17