position:
  x: 0.48013365108454098
  y: -0.184988097931019
  z: 0.254
orientation:
  x: 0.79623317062026622
  y: -0.60498986603413285
  z: -9.7738809565814078e-16
  w: 1.2863501787788272e-15