position:
  x: 0.95723760811109004
  y: 0.30712144516358603
  z: 0.23699999999999999
orientation:
  x: 0.82572393098235375
  y: 0.56407445413087898
  z: 9.1128742394716448e-16
  w: 1.3339938166776893e-15