position:
  x: -0.40850282399927701
  y: -0.58610967868389097
  z: 0.271000000001694
orientation:
  x: 0.47267104705645213
  y: 0.88123894675312509
  z: 1.4236807992056985e-15
  w: 7.6362114556342118e-16