position:
  x: 0.54795270337692503
  y: -0.77631350424098799
  z: 0.23699999999999999
orientation:
  x: 0.94957184082156054
  y: -0.31354954810803481
  z: -5.0655327126172496e-16
  w: 1.5340756354732359e-15