position:
  x: -0.37334957591525098
  y: -0.87019215484956625
  z: 0.2419999999999993
orientation:
  x: -0.98837979947863952
  y: 0.15200451303354259
  z: 6.9138477412951658e-15
  w: 7.4155879559943148e-15