position:
  x: 0.73744438349986419
  y: -0.34446570606029409
  z: 0.23500000000000004
orientation:
  x: 0.67671443450214352
  y: 0.7362455936278629
  z: 1.8630054477845977e-16
  w: 2.1591676229912728e-16