position:
  x: 0.14084376683280508
  y: 0.79786556661091312
  z: 0.24199999999999997
orientation:
  x: 0.6840755697109322
  y: -0.72941114258329198
  z: -4.4663551051352106e-17
  w: 4.1887547841069762e-17