position:
  x: -0.56036724645972324
  y: -0.85676044918817085
  z: 0.31199999999999994
orientation:
  x: -0.89731141324960095
  y: 0.44139803766215796
  z: -3.0214291714133589e-16
  w: 1.6706758874245263e-16