position:
  x: -0.38850621516060363
  y: 0.54227176963600932
  z: 0.24299999999966324
orientation:
  x: 0.89952293900152414
  y: 0.43687353113923061
  z: 2.6750788577093014e-17
  w: 5.5079894400391818e-17