position:
  x: -0.55385605718598641
  y: -0.3539285053961736
  z: 0.24200000000004854
orientation:
  x: 0.017764235967764018
  y: 0.99984220351037478
  z: 5.2514739348788719e-13
  w: -5.0503905167715574e-13