position:
  x: 0.12315174175149
  y: 0.75277353964733995
  z: 0.253
orientation:
  x: 0.68407556971092265
  y: -0.72941114258330098
  z: -1.1783962139311259e-15
  w: 1.1051545751483618e-15