position:
  x: 0.35520719673957102
  y: 0.414433627780745
  z: 0.217
orientation:
  x: 0.99204563565256831
  y: -0.12587873840602204
  z: -2.0336271286826778e-16
  w: 1.6026939442680334e-15