position:
  x: 0.208871479764316
  y: 0.50192048870466499
  z: 0.27300000000000002
orientation:
  x: 0.9929074072552545
  y: -0.11889020404410164
  z: -1.9207242409663159e-16
  w: 1.6040861747051533e-15