position:
  x: 0.27211196985472202
  y: 0.87155594598803898
  z: 0.23499999999999999
orientation:
  x: 0.68407556971094452
  y: -0.72941114258328044
  z: -1.1783962139310926e-15
  w: 1.1051545751483971e-15