position:
  x: -0.15386489630550079
  y: 0.76405258443376245
  z: 0.22300000000029851
orientation:
  x: 1
  y: 0
  z: 0
  w: 6.123233995736766e-17