position:
  x: 0.40140166317471898
  y: 0.52231519869228893
  z: 0.23999999999999999
orientation:
  x: 0.12587873840602187
  y: 0.99204563565256831
  z: 6.0745275615500957e-17
  w: 7.7078497034820849e-18