position:
  x: 0.42466697203320841
  y: 0.44912322960851125
  z: 0.24299999999999997
orientation:
  x: 0.99204563565256831
  y: -0.12587873840602193
  z: -7.707849703482088e-18
  w: 6.0745275615500957e-17