position:
  x: -0.31515286184022079
  y: 0.40330235693598099
  z: 0.24299999999905789
orientation:
  x: 0.70669707498570844
  y: -0.70751625013609687
  z: -4.3322875553695455e-17
  w: 4.3272715542402248e-17