position:
  x: 0.25897115961218059
  y: 0.38473612370913818
  z: 0.27900000000000003
orientation:
  x: 0.12587873840601482
  y: 0.9920456356525692
  z: 6.0745275615501019e-17
  w: 7.7078497034816519e-18