position:
  x: -0.154426057073972
  y: 0.75670521577247696
  z: 0.24900000000029898
orientation:
  x: 1
  y: 0
  z: 0
  w: 1.6155445744325867e-15