position:
  x: 0.67460621432087531
  y: -0.78231014542491706
  z: 0.27600000000000002
orientation:
  x: 0.70710678118653858
  y: -0.70710678118655645
  z: -4.3297802811775213e-17
  w: 4.3297802811774116e-17