position:
  x: -0.19958357840052998
  y: 0.46019129385520802
  z: 0.2949999999990579
orientation:
  x: 0.5870395503236927
  y: 0.80955825383708901
  z: 4.9571146214245576e-17
  w: 3.594580531384059e-17