position:
  x: 0.27505329015152458
  y: -0.26756931551841523
  z: 0.25900000000000001
orientation:
  x: -0.99759970127560771
  y: 0.069244754420953625
  z: 2.2547574770169758e-16
  w: 7.7030248341686775e-17