position:
  x: 0.46959120354345468
  y: -0.62555629267446844
  z: 0.24299999999999999
orientation:
  x: 0.90469163837819133
  y: 0.42606694244987364
  z: 2.6089075864686865e-17
  w: 5.5396385957761339e-17