position:
  x: -0.612251504826683
  y: -0.77379141049737898
  z: 0.33900000000000002
orientation:
  x: -0.80491380368867049
  y: 0.59339174971635433
  z: -1.7529920108284477e-15
  w: 7.1477663229494701e-16