position:
  x: 0.73722794307499651
  y: 0.15414527854036481
  z: 0.21600000000000003
orientation:
  x: 0.83988003638694309
  y: 0.54277207415145012
  z: 3.3235204163807162e-17
  w: 5.1427819911451617e-17