position:
  x: 0.32925891896399867
  y: 0.16298482235026332
  z: 0.26100000000000001
orientation:
  x: 0.31552907983368311
  y: -0.94891590764372225
  z: -5.8104341447794489e-17
  w: 1.9320583882811483e-17