position:
  x: 0.235832499850856
  y: -0.30272145345046197
  z: 0.254
orientation:
  x: -0.83250258264373422
  y: -0.55402116375776878
  z: 8.6766029899825465e-16
  w: 1.3631698321358972e-15