position:
  x: -0.25438486942552302
  y: -0.46768210981890002
  z: 0.30700000000169397
orientation:
  x: 0.48447235220978846
  y: -0.87480657287443531
  z: -1.4132890124852593e-15
  w: 7.8268668007511692e-16