position:
  x: 0.52619699882508908
  y: -0.21818910104039851
  z: 0.25900000000000001
orientation:
  x: -0.92617952920774771
  y: -0.37708285518770912
  z: -6.831174226464478e-17
  w: 9.3925123618073498e-17