position:
  x: 0.30068378389941602
  y: -0.93550778206379404
  z: 0.27000000000000002
orientation:
  x: -0.8574304999344966
  y: -0.51459978408670093
  z: 6.6212527442222628e-16
  w: 1.4867852861240076e-15