position:
  x: 0.85788441899322598
  y: 0.32089912935940901
  z: 0.28500000000000003
orientation:
  x: 0.62007255004541528
  y: -0.78454447463491572
  z: -1.2674665693975022e-15
  w: 1.0017548439804492e-15