position:
  x: 0.380519798204425
  y: -0.53481955843998596
  z: 0.32700000000000001
orientation:
  x: 0.82065172877146486
  y: -0.57142868327063012
  z: -5.992195508955065e-16
  w: 1.5513686145281871e-15