position:
  x: -0.29191908574528086
  y: -0.79374050232633042
  z: 0.25899999999999013
orientation:
  x: -0.0098223635491130473
  y: 0.99995175942357795
  z: -1.0163116458672476e-13
  w: 1.0380169390607064e-13