position:
  x: 0.13657535025959622
  y: 0.80110539766188349
  z: 0.25800000000000001
orientation:
  x: 0.6840755697109322
  y: -0.72941114258329198
  z: -4.4663551051352106e-17
  w: 4.1887547841069762e-17