position:
  x: -0.30489763078320414
  y: -0.45024340765700893
  z: 0.25800000000000001
orientation:
  x: 0.48721474054354735
  y: 0.87328219757251657
  z: 5.3473112400477447e-17
  w: 2.9833298625203172e-17