position:
  x: -0.46523116949337501
  y: -0.324028992183447
  z: 0.34300000000000003
orientation:
  x: 0.90719890273784676
  y: -0.42070197393314768
  z: -6.7966279144077622e-16
  w: 1.4656202652493243e-15