position:
  x: 0.33404000324718575
  y: 0.41702948505912951
  z: 0.25900000000000001
orientation:
  x: 0.99204563565256831
  y: -0.12587873840602193
  z: -7.707849703482088e-18
  w: 6.0745275615500957e-17