position:
  x: 0.24021682734777336
  y: -0.21345960083611884
  z: 0.31199999999999994
orientation:
  x: -0.4834757826980085
  y: 0.87535773689649199
  z: -2.1616031304350555e-16
  w: 1.9454819830872608e-16