position:
  x: 0.23373665514217401
  y: 0.866635717094285
  z: 0.26500000000000001
orientation:
  x: 0.68407556971094452
  y: -0.72941114258328044
  z: -1.1783962139310926e-15
  w: 1.1051545751483971e-15