position:
  x: 0.34094539509634098
  y: -0.25428880746827998
  z: 0.307
orientation:
  x: 0.935878815709
  y: 0.35232207184211373
  z: 1.0139172151874239e-15
  w: 6.801462931880609e-15