position:
  x: 0.29181116503344001
  y: 0.37352902627311801
  z: 0.254
orientation:
  x: 0.12587873840602209
  y: 0.99204563565256831
  z: 1.6026939442680334e-15
  w: 2.0336271286826788e-16