position:
  x: 0.57760194501073903
  y: -0.70539991204895303
  z: 0.255
orientation:
  x: 0.2684226913688047
  y: -0.9633012295010982
  z: -1.5562560748647392e-15
  w: 4.3364882269546516e-16