position:
  x: 0.34063790741063971
  y: -0.25251901901933899
  z: 0.22299999999999998
orientation:
  x: 0.760917003812832
  y: -0.64884922232249198
  z: -3.9730556162324457e-17
  w: 4.6592728656808957e-17