position:
  x: 0.40280324124337302
  y: 0.44443523686644998
  z: 0.27300000000000002
orientation:
  x: 0.99204563565256831
  y: -0.12587873840602204
  z: -2.0336271286826778e-16
  w: 1.6026939442680334e-15