position:
  x: 0.22755738954920296
  y: 0.32865461071182106
  z: 0.27700000000000002
orientation:
  x: 0.9920456356525692
  y: -0.12587873840601482
  z: -7.7078497034816519e-18
  w: 6.0745275615501019e-17