position:
  x: -0.44760526930128303
  y: -0.95489131294323304
  z: 0.28199999999999997
orientation:
  x: 0.97042344523869462
  y: -0.24140906555277117
  z: -7.7307784475353217e-16
  w: 1.4724670774824656e-15