position:
  x: 0.10851988343375182
  y: 0.93503726449279068
  z: 0.29199999999999998
orientation:
  x: 0.45676124764336518
  y: 0.88958932246923716
  z: 5.4471635815880694e-17
  w: 2.7968559995049937e-17