position:
  x: 0.28289011614612802
  y: -0.94751716400945596
  z: 0.25199999999999001
orientation:
  x: -0.99860061996065053
  y: -0.052884797571744691
  z: 1.449016637440446e-13
  w: 2.9076185631467813e-14