position:
  x: 0.79520172438618797
  y: -0.12527226665337299
  z: 0.255
orientation:
  x: 0.56223717886745561
  y: 0.8269760303050897
  z: 1.3360166389451861e-15
  w: 9.0831922386360177e-16