position:
  x: 0.14578721872370101
  y: -0.69612573125391197
  z: 0.28799999999999998
orientation:
  x: 0.99801780718037103
  y: -0.062932158320557804
  z: -1.0166970693210973e-16
  w: 1.6123422535773559e-15