position:
  x: -0.29908635686913337
  y: 0.46885512834865906
  z: 0.27699999999939462
orientation:
  x: 0.79184281224203601
  y: -0.61072494684647005
  z: -3.7396117565748349e-17
  w: 4.8486388272002403e-17