position:
  x: 0.31647483328218601
  y: 0.42442382402531498
  z: 0.28899999999999998
orientation:
  x: 0.99204563565256831
  y: -0.12587873840602204
  z: -2.0336271286826778e-16
  w: 1.6026939442680334e-15