position:
  x: -0.73298061999255204
  y: -0.51221339111512099
  z: 0.29425824613844698
orientation:
  x: 0.69702000674576614
  y: -0.71705167888802279
  z: -1.3877171450045163e-15
  w: 8.9018917646609358e-16