position:
  x: -0.7402409290330737
  y: 0.20275402846543619
  z: 0.27000000000000002
orientation:
  x: 1
  y: -1.3100631690576847e-14
  z: 8.0968113224697501e-31
  w: -6.123233995736766e-17