position:
  x: -0.28103133229071797
  y: -0.96720635918005204
  z: 0.24325824613844699
orientation:
  x: 0.99095307471419714
  y: -0.13420880639689356
  z: -2.1682030901557484e-16
  w: 1.600928863371811e-15