position:
  x: 0.92228156698701402
  y: 0.27394870787904502
  z: 0.27100000000000002
orientation:
  x: 0.82572393098232832
  y: 0.56407445413091617
  z: 9.1128742394722463e-16
  w: 1.3339938166776483e-15