position:
  x: 0.37755006964080401
  y: 0.42984168093778302
  z: 0.255
orientation:
  x: 0.99204563565256831
  y: -0.12587873840602204
  z: -2.0336271286826778e-16
  w: 1.6026939442680334e-15