position:
  x: -0.76944911858206988
  y: 0.11282078587836045
  z: 0.25999999999924439
orientation:
  x: 0.70710678118654302
  y: 0.70710678118655201
  z: 4.3297802811774942e-17
  w: 4.3297802811774387e-17