position:
  x: 0.25422513072416197
  y: 0.37696704392715502
  z: 0.29100000000000004
orientation:
  x: 0.99204563565256831
  y: -0.12587873840602204
  z: -2.0336271286826778e-16
  w: 1.6026939442680334e-15