position:
  x: 0.75523063163707327
  y: -0.64529880349843405
  z: 0.26000000000000001
orientation:
  x: 0.57689017283544886
  y: -0.81682172380874274
  z: -5.0015905476820011e-17
  w: 3.532433518112479e-17