position:
  x: 0.42990241311969701
  y: -0.71341895312419801
  z: 0.28799999999999998
orientation:
  x: 0.90499974355135004
  y: 0.42541211098414999
  z: 3.8956806407374397e-16
  w: 1.6020088538740052e-15