position:
  x: -0.38925814044437762
  y: -0.755665744524324
  z: 0.29600000000000004
orientation:
  x: -0.40156901548270096
  y: -0.91582876445559092
  z: 8.2497962956914726e-17
  w: -3.5664274322438676e-17