position:
  x: -0.52843049461108504
  y: 0.66963443719027305
  z: 0.29000000000000004
orientation:
  x: 1.6714577709334716e-14
  y: 1
  z: 1.6155445744325867e-15
  w: 2.7003145332247554e-29