position:
  x: -0.39219239382580356
  y: 0.54086497053760174
  z: 0.25899999999966322
orientation:
  x: 0.85413517094724367
  y: 0.52005106456089756
  z: 3.1843943580383839e-17
  w: 5.2300695156985963e-17