position:
  x: 0.51100922320072895
  y: -0.28812106013174699
  z: 0.23500000000000101
orientation:
  x: 0.60197716161787707
  y: 0.79851330414119226
  z: 1.1922297820238183e-14
  w: 3.4676371526372478e-15