position:
  x: 0.116895252569716
  y: 0.77707887835353895
  z: 0.26700000000000002
orientation:
  x: 0.68407556971093364
  y: -0.72941114258329065
  z: -1.1783962139311091e-15
  w: 1.1051545751483796e-15