position:
  x: -0.73325383820222156
  y: 0.43864692681974493
  z: 0.31300000000029848
orientation:
  x: 6.123233995736766e-17
  y: 1
  z: 6.123233995736766e-17
  w: 3.749399456654644e-33