position:
  x: 0.50256715252989814
  y: -0.29611176468971984
  z: 0.27699999999997904
orientation:
  x: -0.59976651112650814
  y: -0.80017506342745781
  z: 1.5182659634248786e-13
  w: 6.0028361379925771e-14