position:
  x: 0.34909516005484398
  y: -0.25901087707015702
  z: 0.27200000000000002
orientation:
  x: -0.76091691639521297
  y: 0.64884932483867197
  z: -8.4799908508529237e-16
  w: 1.4000489641603206e-15