position:
  x: 0.1178414527557983
  y: 0.93892614792336238
  z: 0.27900000000000003
orientation:
  x: 0.4567612476433624
  y: 0.88958932246923861
  z: 5.4471635815880786e-17
  w: 2.7968559995049764e-17