position:
  x: 0.77271918490720104
  y: -0.24206780593841501
  z: 0.217
orientation:
  x: 0.91862334287276848
  y: 0.39513434921461837
  z: 6.383571540456278e-16
  w: 1.484076957525227e-15