position:
  x: 0.66692863040407602
  y: 0.65412216273226897
  z: 0.28500000000000003
orientation:
  x: 1
  y: 0
  z: 0
  w: 1.6155445744325867e-15