position:
  x: 0.83502102761119024
  y: -0.10580092564325672
  z: 0.25799999999998952
orientation:
  x: -0.88221344662442303
  y: -0.47084969427095974
  z: 4.1514538025056439e-13
  w: -9.6157715687676713e-14