position:
  x: -0.68754070044367299
  y: -0.058560476946194102
  z: 0.217000000001694
orientation:
  x: 0.2339806327672688
  y: 0.97224125786238291
  z: 1.5706990891790861e-15
  w: 3.7800614178946461e-16