position:
  x: 0.80580751097786074
  y: 0.32233547711033178
  z: 0.314
orientation:
  x: 0.62007255004543671
  y: -0.78454447463489885
  z: -4.8039493982518538e-17
  w: 3.7968493182614053e-17