position:
  x: -0.0075933792143509649
  y: 0.6317980280630926
  z: 0.24199999999999997
orientation:
  x: 0.68407556971092909
  y: -0.72941114258329498
  z: -4.4663551051352291e-17
  w: 4.188754784106957e-17