position:
  x: 0.42708350334837231
  y: -0.70362239403163351
  z: 0.315
orientation:
  x: -0.90499974355134616
  y: -0.4254121109841581
  z: -2.7165518472284835e-16
  w: 1.9535668027520846e-16