position:
  x: 0.050358298085184397
  y: -0.47453825656652299
  z: 0.217
orientation:
  x: 0.98833905645069231
  y: 0.15226920074051495
  z: 2.4599768110952535e-16
  w: 1.5967058003487381e-15