position:
  x: -0.156803069110455
  y: -0.32039624728782951
  z: 0.29400000000000015
orientation:
  x: 0.4181759193436243
  y: 0.90836606083732263
  z: 3.2145589854394721e-16
  w: 5.1012483418217006e-16