position:
  x: -0.33319072470580302
  y: -0.519809698212923
  z: 0.29100000000169401
orientation:
  x: 0.086896673113562042
  y: -0.99621732980399147
  z: -1.5694143725929712e-15
  w: 5.9918034772132296e-16