position:
  x: -0.20369002553432616
  y: -0.77768433278322369
  z: 0.29700000000000143
orientation:
  x: 0.13907838922115165
  y: -0.99028137498978031
  z: -1.4035571884723506e-14
  w: 1.8646805547294754e-14