position:
  x: -0.74024092903307159
  y: 0.16175402846543624
  z: 0.25600000000000001
orientation:
  x: 1.3161864030534215e-14
  y: 1
  z: 6.123233995736766e-17
  w: 8.0593173279032041e-31