position:
  x: 0.35366953661495582
  y: 0.86203584683195988
  z: 0.23500000000000001
orientation:
  x: 0.68407556971094452
  y: -0.72941114258328044
  z: -4.4663551051351404e-17
  w: 4.1887547841070513e-17