position:
  x: 0.76563919347443532
  y: -0.63937310147525594
  z: 0.29600000000015869
orientation:
  x: 0.59779925283110691
  y: -0.80164584032761643
  z: -4.4622663608378812e-13
  w: 5.6542602104192186e-13