position:
  x: 0.26054526542702899
  y: 0.87229868118724696
  z: 0.26700000000000002
orientation:
  x: 0.68407556971094452
  y: -0.72941114258328044
  z: -1.1783962139310926e-15
  w: 1.1051545751483971e-15