position:
  x: 0.54884096389660897
  y: -0.46448810588277301
  z: 0.23499999999999999
orientation:
  x: 0.8437894458982369
  y: 0.53667436215152509
  z: 8.6702135401096553e-16
  w: 1.3631794612843753e-15