position:
  x: 0.35880827517739761
  y: 0.437257551776155
  z: 0.29600000000000004
orientation:
  x: 0.99204563565256831
  y: -0.12587873840602193
  z: -7.707849703482088e-18
  w: 6.0745275615500957e-17