position:
  x: 0.65149119380305198
  y: 0.65912216273226898
  z: 0.27300000000000002
orientation:
  x: 1
  y: 0
  z: 0
  w: 1.6155445744325867e-15