position:
  x: -0.41275404142184402
  y: -0.70886793261558301
  z: 0.33200000000000002
orientation:
  x: 0.67243433531855812
  y: 0.74015678385372452
  z: 4.5321531810683157e-17
  w: 4.1174727819232507e-17