position:
  x: -0.4079078306236727
  y: -0.69021657282156179
  z: 0.27800000000000002
orientation:
  x: 0.86539135885550011
  y: 0.50109659350092473
  z: 3.0683316964727493e-17
  w: 5.2989937881608336e-17