position:
  x: -0.757753914320908
  y: 0.26378409775188899
  z: 0.254
orientation:
  x: 0.22435266370693724
  y: -0.97450802063790209
  z: -1.574361145482602e-15
  w: 3.6245172861124118e-16