position:
  x: -0.35839430666379973
  y: -0.77846365331363587
  z: 0.35000000000000003
orientation:
  x: 0.24714641241731816
  y: 0.96897814775630975
  z: 5.8720558824947065e-16
  w: -2.5761180518044521e-16