position:
  x: 0.28098297914163101
  y: -0.27244517739228202
  z: 0.252
orientation:
  x: -0.99759970127560782
  y: 0.069244754420953389
  z: 1.1784777873197777e-16
  w: 1.6276116691431877e-15