position:
  x: 0.73381273565500182
  y: -0.4277411743031484
  z: 0.25900000000000001
orientation:
  x: -0.96198843148590329
  y: -0.27309020064310546
  z: -2.0479366110366332e-16
  w: 1.2178886785326173e-16