position:
  x: 0.79247059954209831
  y: 0.42199723378936194
  z: 0.22199999999999998
orientation:
  x: 0.62007255004543671
  y: -0.78454447463489885
  z: -4.8039493982518538e-17
  w: 3.7968493182614053e-17