position:
  x: -0.54040206529703505
  y: -0.45292358391349702
  z: 0.23500000000169399
orientation:
  x: 0.13457452686395763
  y: -0.99090347497591402
  z: -1.6274101084730502e-15
  w: 2.1833572847573347e-17