position:
  x: 0.16895767477569801
  y: -0.99238435201418596
  z: 0.252
orientation:
  x: 0.99101647929572845
  y: -0.13373981368425397
  z: -2.1606263038322153e-16
  w: 1.6010312962994979e-15