position:
  x: 0.29515216512737846
  y: -0.82930010860056647
  z: 0.315
orientation:
  x: 0.12526868561748761
  y: -0.99212285348321005
  z: -6.0750003843957587e-17
  w: 7.6704947437426135e-18