position:
  x: 0.51867642277711601
  y: -0.32355764457230402
  z: 0.254
orientation:
  x: 0.79623317062026921
  y: -0.60498986603412885
  z: -9.7738809565813427e-16
  w: 1.2863501787788321e-15