position:
  x: 0.80008826795147225
  y: -0.071760012064741599
  z: 0.27299999999998953
orientation:
  x: -0.87490488643431885
  y: -0.484294785944833
  z: 4.1466139507136051e-13
  w: -1.0307281096642651e-13