position:
  x: -0.33354064556703139
  y: 0.66186873946921843
  z: 0.27899999999966324
orientation:
  x: 0.094072154027879717
  y: -0.99556538199987388
  z: -6.0960797920402873e-17
  w: 5.7602581159569846e-18