position:
  x: -0.39615554059081615
  y: 0.53829500320107859
  z: 0.33099999999966323
orientation:
  x: 0.78971246320925581
  y: 0.61347715968238758
  z: 3.7564641997752282e-17
  w: 4.8355942015799354e-17