position:
  x: -0.54309485521963896
  y: -0.86804750010215914
  z: 0.24099999999999999
orientation:
  x: 0.91254743611619116
  y: -0.40897087529280868
  z: -5.506094513937214e-17
  w: 4.2424114623604084e-17