position:
  x: -0.32833846093534413
  y: -0.51934022800811308
  z: 0.30900000000169375
orientation:
  x: 0.10100633024753677
  y: -0.99488578301728969
  z: 1.607282328933698e-15
  w: -1.6318022881475392e-16