position:
  x: 0.80913171735397604
  y: 0.39260765540638698
  z: 0.246
orientation:
  x: 0.62007255004543493
  y: -0.78454447463490029
  z: -1.2674665693974774e-15
  w: 1.001754843980481e-15