position:
  x: -0.22237009977818567
  y: -0.67555303196600269
  z: 0.24299999999999997
orientation:
  x: -0.13214570794116395
  y: 0.99123030213605179
  z: -4.7654354608734864e-17
  w: 1.0591263128034643e-16