position:
  x: -0.25636640323459087
  y: -0.77242312580283623
  z: 0.36699999999999977
orientation:
  x: -0.99996512879718547
  y: -0.0083511190644312162
  z: -2.3493386263724861e-15
  w: 2.3013782476268108e-15