position:
  x: -0.34257552885311054
  y: -0.99062978361981646
  z: 0.2250000000000025
orientation:
  x: -0.99287279331865375
  y: 0.11917892551795364
  z: 4.9048285055830232e-14
  w: 6.3647894017563186e-14