position:
  x: 0.66976726064078163
  y: -0.69159799211047557
  z: 0.24099999999999969
orientation:
  x: -0.45288792297429353
  y: 0.89156745635090917
  z: -2.3173316908190646e-15
  w: 4.7610204901625201e-16