position:
  x: 0.65154196836835399
  y: -0.34811059044082998
  z: 0.30700000000000899
orientation:
  x: 0.73896647790439451
  y: -0.67374219441383809
  z: -5.11872789737239e-14
  w: 9.7643959773067861e-14