position:
  x: 0.68046929702199854
  y: -0.36678510056041552
  z: 0.29700000000000004
orientation:
  x: 0.73456212352591566
  y: -0.67854144065126742
  z: 6.7788921304953256e-18
  w: 8.9620873553373355e-17