position:
  x: 0.061701586470001429
  y: 0.89485852702469804
  z: 0.23400000000000001
orientation:
  x: 0.4567612476433624
  y: 0.88958932246923861
  z: 5.4471635815880786e-17
  w: 2.7968559995049764e-17