position:
  x: -0.038472837312419926
  y: 0.81318847897209134
  z: 0.254
orientation:
  x: 0.88958932246923761
  y: -0.45676124764336429
  z: -2.7968559995049881e-17
  w: 5.4471635815880724e-17