position:
  x: 0.17082448029283911
  y: 0.95282724820962927
  z: 0.22199999999999998
orientation:
  x: 0.88958932246923716
  y: -0.45676124764336512
  z: -2.796855999504993e-17
  w: 5.4471635815880694e-17