position:
  x: -0.56893801244410802
  y: 0.35558887433990499
  z: 0.27200000000000002
orientation:
  x: 0.22435266370693724
  y: -0.97450802063790209
  z: -1.574361145482602e-15
  w: 3.6245172861124118e-16