position:
  x: 0.15719430034336701
  y: 0.61163679366310797
  z: 0.28999999999999998
orientation:
  x: 0.082799860597934663
  y: 0.99656619603765539
  z: 1.6099971110715558e-15
  w: 1.3376686555276785e-16