position:
  x: -0.33542696591618198
  y: -0.90552375554396503
  z: 0.26400000000000001
orientation:
  x: 0.13611897803986764
  y: 0.99069249710360785
  z: 1.6273740972505037e-15
  w: 2.4370343897116718e-17