position:
  x: -0.21218662504178804
  y: 0.53861225231078957
  z: 0.38499999999939466
orientation:
  x: 0.49551275021350433
  y: 0.8686006645034583
  z: 5.3186451176071209e-17
  w: 3.0341405174283499e-17