position:
  x: 0.450139055498751
  y: 0.45346073499037598
  z: 0.23499999999999999
orientation:
  x: 0.99204563565256831
  y: -0.12587873840602204
  z: -2.0336271286826778e-16
  w: 1.6026939442680334e-15