position:
  x: 0.99415387791943299
  y: 0.176192416678634
  z: 0.216
orientation:
  x: 0.82572393098234809
  y: 0.5640744541308873
  z: 9.1128742394717808e-16
  w: 1.3339938166776801e-15