position:
  x: -0.63693049461108697
  y: 0.497634437190276
  z: 0.216
orientation:
  x: 1.6714577709334716e-14
  y: 1
  z: 1.6155445744325867e-15
  w: 2.7003145332247554e-29