position:
  x: 0.64066481075270898
  y: 0.60285565969089405
  z: 0.22900000000000001
orientation:
  x: 1
  y: 0
  z: 0
  w: 1.6155445744325867e-15