position:
  x: -0.37215331208650992
  y: -0.86744098185390683
  z: 0.24199999999999927
orientation:
  x: -0.98837979947863952
  y: 0.15200451303354259
  z: 6.9138477412951658e-15
  w: 7.4155879559943148e-15