position:
  x: -0.35706478631160754
  y: 0.59914919078712781
  z: 0.47699999999939469
orientation:
  x: 0.89691533809291757
  y: -0.44220230245179354
  z: -2.7077081713658937e-17
  w: 5.4920224895082883e-17