position:
  x: 0.96177993653277605
  y: 0.26238313114975897
  z: 0.255
orientation:
  x: 0.82572393098232832
  y: 0.56407445413091617
  z: 9.1128742394722463e-16
  w: 1.3339938166776483e-15