position:
  x: 0.34131530434451346
  y: -0.19895899865924904
  z: 0.27699999999999997
orientation:
  x: -0.075129192001191725
  y: -0.99717380857564042
  z: 5.1377906282496347e-16
  w: -9.324571247952087e-17