position:
  x: 0.74502911720625409
  y: 0.39996681645912058
  z: 0.27400000000000002
orientation:
  x: 0.56407445413087842
  y: -0.82572393098235408
  z: -5.0561008452845495e-17
  w: 3.4539598736608539e-17