position:
  x: 0.73531797723792303
  y: -0.34940666223486505
  z: 0.23700000000000002
orientation:
  x: 0.94529660315987973
  y: 0.32621209673216101
  z: 1.9974730005309388e-17
  w: 5.7882722965230626e-17