position:
  x: -0.52478688655933037
  y: -0.89682444543573769
  z: 0.29500000000001148
orientation:
  x: 0.930966665151297
  y: -0.36510418838610004
  z: 1.7771823646594078e-14
  w: 3.613366906534178e-14