position:
  x: 0.055458499135003697
  y: -0.91167828337218504
  z: 0.254
orientation:
  x: 0.17541426074697011
  y: -0.98449471157878443
  z: -1.5904950898486795e-15
  w: 2.8338955722787063e-16