position:
  x: -0.20147027767182299
  y: -0.54483775181005401
  z: 0.23700000000169399
orientation:
  x: 0.92444605983844963
  y: 0.381312840656023
  z: 6.1602789088331542e-16
  w: 1.4934838163275897e-15