position:
  x: 0.91517778667832628
  y: 0.31212533008894294
  z: 0.253
orientation:
  x: 0.8257239309823271
  y: 0.56407445413091795
  z: 3.4539598736610961e-17
  w: 5.0561008452843843e-17