position:
  x: 0.10714812101159724
  y: -0.40341754120836443
  z: 0.314
orientation:
  x: 0.99283042008761691
  y: 0.11953140570011812
  z: 7.3191876694116676e-18
  w: 6.07933298028211e-17