position:
  x: -0.46822696626471355
  y: -0.16872741326406573
  z: 0.22299999999999998
orientation:
  x: 0.91127539724682582
  y: -0.41179746280500534
  z: 7.8196844105861781e-17
  w: 3.4619414486299552e-16