position:
  x: -0.28037126465571638
  y: 0.42896974430027279
  z: 0.24000000000033675
orientation:
  x: 0.27602779978657765
  y: 0.96114965210677827
  z: 5.8853442247707904e-17
  w: 1.6901828074215941e-17