position:
  x: -0.55141729483952828
  y: -0.35218138255633125
  z: 0.22300000000004855
orientation:
  x: 0.017764235967764018
  y: 0.99984220351037478
  z: 5.2514739348788719e-13
  w: -5.0503905167715604e-13