position:
  x: -0.459551033463454
  y: -0.33355606008752597
  z: 0.27725824613844702
orientation:
  x: 0.3442428787129293
  y: 0.93888063163292246
  z: 2.9380712644132782e-16
  w: 3.891713777754851e-15