position:
  x: 0.61707400536514623
  y: -0.56029312885401172
  z: 0.22299999999999998
orientation:
  x: 0.99995020742091667
  y: -0.0099791121281235899
  z: -6.1104438630195431e-19
  w: 6.1229291041237874e-17