position:
  x: -0.48797158748921304
  y: 0.4897185553114754
  z: 0.47699999999999998
orientation:
  x: 0.70331128809688359
  y: -0.71088200992534789
  z: -4.3528968901325711e-17
  w: 4.3065395888602524e-17