position:
  x: -0.4943212955522282
  y: 0.53530225308067247
  z: 0.29700000000000004
orientation:
  x: 0.54896181206603556
  y: -0.83584743158854935
  z: -5.1180894083522662e-17
  w: 3.3614216300040065e-17