position:
  x: 0.3415895359660191
  y: -0.73516271653281173
  z: 0.33300000000000002
orientation:
  x: 0.80033868929206153
  y: -0.59954814854377203
  z: -1.6983816782937847e-16
  w: 2.2671749877383876e-16