position:
  x: 0.85504844568085814
  y: 0.31992073507716101
  z: 0.27800000000000002
orientation:
  x: 0.62007255004541495
  y: -0.78454447463491606
  z: -4.8039493982519592e-17
  w: 3.7968493182612722e-17