position:
  x: 0.23373665514217351
  y: 0.86663571709428477
  z: 0.28100000000000003
orientation:
  x: 0.68407556971094452
  y: -0.72941114258328044
  z: -4.4663551051351404e-17
  w: 4.1887547841070513e-17