position:
  x: -0.18972351011280494
  y: 0.49197999074566007
  z: 0.38699999999905788
orientation:
  x: 0.51117570398295742
  y: 0.85947623565606979
  z: 5.2627741046971107e-17
  w: 3.1300484484231188e-17