position:
  x: 0.44965708585251657
  y: -0.19848102062735654
  z: 0.26100000000001222
orientation:
  x: 0.78993521542761636
  y: -0.61319030930643814
  z: -5.7086140309232087e-14
  w: 1.3566316498579806e-13