position:
  x: 0.34909516005484359
  y: -0.2590108770701568
  z: 0.253
orientation:
  x: -0.76091691639521242
  y: 0.64884932483867264
  z: 1.6051535884244078e-16
  w: 2.1734649158808371e-16