position:
  x: 0.042567480589846898
  y: 0.6954222104626
  z: 0.22900000000000001
orientation:
  x: 0.68407556971093364
  y: -0.72941114258329065
  z: -1.1783962139311091e-15
  w: 1.1051545751483796e-15