position:
  x: -0.52329655337421377
  y: -0.89422081201351011
  z: 0.31400000000001149
orientation:
  x: 0.93096666515129711
  y: -0.36510418838609981
  z: 1.7771823646594072e-14
  w: 3.6133669065341767e-14