position:
  x: 0.054148721537313101
  y: -0.90447450658488748
  z: 0.23999999999999999
orientation:
  x: 0.17541426074697056
  y: -0.98449471157878432
  z: -6.0282914865622742e-17
  w: 1.0741025647428835e-17