position:
  x: -0.50032667795593544
  y: 0.77490025444866195
  z: 0.25800000000029849
orientation:
  x: 0.70710678118655201
  y: 0.70710678118654302
  z: 4.3297802811774387e-17
  w: 4.3297802811774942e-17