position:
  x: 0.22001842553810658
  y: 0.9905939183527126
  z: 0.23600000000000002
orientation:
  x: 0.45676124764336218
  y: 0.88958932246923872
  z: 5.4471635815880792e-17
  w: 2.7968559995049752e-17