position:
  x: 0.39885039764564645
  y: -0.41996109024404177
  z: 0.33199999999999913
orientation:
  x: -0.80979696193380357
  y: 0.58671021845778504
  z: -2.1207199697988676e-15
  w: 5.3940673917615132e-15