position:
  x: 0.12282656983650841
  y: -0.6910429933751544
  z: 0.2610000000000004
orientation:
  x: 0.95628175369819524
  y: 0.29244693115829451
  z: 2.5120122919395616e-15
  w: 3.9397323415180257e-15