position:
  x: -0.14642175810844199
  y: -0.37107826651112302
  z: 0.32700000000169099
orientation:
  x: -0.66511810002442373
  y: -0.74673818237713052
  z: 5.0596393909942692e-14
  w: -1.6292851908865434e-15