position:
  x: 0.57760194501073903
  y: -0.70539991204895258
  z: 0.26100000000000001
orientation:
  x: 0.2684226913688062
  y: -0.96330122950109776
  z: -5.8985188366161461e-17
  w: 1.643614949016632e-17