position:
  x: 0.54166630124617499
  y: 0.052695629789534897
  z: 0.217
orientation:
  x: 0.94891590764372558
  y: 0.31552907983367312
  z: 5.0975129300099709e-16
  w: 1.5330159461865945e-15