position:
  x: 0.71145182674515728
  y: -0.39800960377097305
  z: 0.27300000000000002
orientation:
  x: -0.95769677928253283
  y: -0.28777921911052523
  z: -2.0290598590518006e-16
  w: 1.2490849788972807e-16