position:
  x: 0.27849938862682899
  y: 0.52719630341561197
  z: 0.23699999999999999
orientation:
  x: 0.99290740725525373
  y: -0.11889020404410809
  z: -1.9207242409664201e-16
  w: 1.6040861747051519e-15