position:
  x: 0.48392914423400502
  y: -0.102073754458208
  z: 0.255000000000069
orientation:
  x: 0.78234568434812513
  y: -0.62284446708778252
  z: -3.9684905287526721e-13
  w: 9.1307352888150149e-13