position:
  x: -0.44729659627737844
  y: -0.59005406574724406
  z: 0.26099999999999846
orientation:
  x: -0.99752472450778917
  y: -0.070316598294139263
  z: 2.3044838489846885e-14
  w: 2.0028700919368054e-14