position:
  x: 0.8145499370566579
  y: -0.21666090690392234
  z: 0.27900000000000003
orientation:
  x: 0.91064948571172766
  y: 0.41317976012017565
  z: 8.5212498432972507e-17
  w: 2.8577691750686815e-17