position:
  x: -0.33047586925352312
  y: 0.58563017913952553
  z: 0.29599999999939464
orientation:
  x: 0.79184281224203557
  y: -0.61072494684647061
  z: -3.739611756574838e-17
  w: 4.8486388272002372e-17