position:
  x: 0.39950799151609895
  y: 0.51998839667034147
  z: 0.24099999999999999
orientation:
  x: 0.12587873840602187
  y: 0.99204563565256831
  z: 6.0745275615500957e-17
  w: 7.7078497034820849e-18