position:
  x: 0.49780214112231702
  y: -0.53142038537481195
  z: 0.27300000000000002
orientation:
  x: 0.88092319928469109
  y: -0.47325924920916701
  z: -7.6457141235990921e-16
  w: 1.423170695096179e-15