position:
  x: 0.594478883181216
  y: -0.434639221175109
  z: 0.23499999999999999
orientation:
  x: -0.65587827362026252
  y: 0.75486667047426603
  z: -1.2195207539046919e-15
  w: 1.0596005864354267e-15