position:
  x: -0.61631986254635218
  y: -0.73128681119082772
  z: 0.27700000000000002
orientation:
  x: 0.75911658644994384
  y: -0.65095468980304982
  z: -3.9859478862863159e-17
  w: 4.6482484888779439e-17