position:
  x: 0.23435580605100975
  y: -0.87670931836019694
  z: 0.24000000000000016
orientation:
  x: 0.54199962830514226
  y: -0.84037872588321016
  z: -2.369089415132184e-15
  w: 2.584815554249636e-15