position:
  x: -0.73308918934100109
  y: 0.32100830335371983
  z: 0.29500000000029852
orientation:
  x: 6.123233995736766e-17
  y: 1
  z: 6.123233995736766e-17
  w: 3.749399456654644e-33