position:
  x: -0.97542359061598893
  y: 0.041100672324128083
  z: 0.24100000000007429
orientation:
  x: 0.70710678118654791
  y: -0.70710678118654724
  z: -4.3297802811774646e-17
  w: 4.3297802811774689e-17