position:
  x: 0.0875392505239658
  y: 0.75506033195983802
  z: 0.28400000000000003
orientation:
  x: 0.68407556971092265
  y: -0.72941114258330098
  z: -1.1783962139311259e-15
  w: 1.1051545751483618e-15