position:
  x: -0.63476393059591996
  y: -0.57968491257343002
  z: 0.27725824613845002
orientation:
  x: 0.59627397061343101
  y: 0.8027810112159437
  z: 1.6340395017031164e-14
  w: -2.5327401728228884e-15