position:
  x: 0.83184579039528483
  y: 0.32169062791881309
  z: 0.27700000000000002
orientation:
  x: 0.62007255004543671
  y: -0.78454447463489885
  z: -4.8039493982518538e-17
  w: 3.7968493182614053e-17