position:
  x: 0.73246000125345201
  y: 0.39002057087923198
  z: 0.26400000000000001
orientation:
  x: 0.62007255004543493
  y: -0.78454447463490029
  z: -1.2674665693974774e-15
  w: 1.001754843980481e-15