position:
  x: -0.88746330626348868
  y: 0.15872896413664656
  z: 0.24100000000007429
orientation:
  x: 0.70710678118654791
  y: 0.70710678118654724
  z: 4.3297802811774646e-17
  w: 4.3297802811774689e-17