position:
  x: 0.7600558762196713
  y: 0.38224358910953143
  z: 0.252
orientation:
  x: 0.56407445413091795
  y: -0.8257239309823271
  z: 5.0561008452843843e-17
  w: -3.4539598736610954e-17