position:
  x: 0.60366309800488605
  y: -0.42388564750736402
  z: 0.27100000000000002
orientation:
  x: -0.67222916776418362
  y: 0.74034312720999385
  z: -7.5379107060395129e-16
  w: 1.5730952875428489e-15