position:
  x: 0.47861636094427246
  y: -0.39960741589675508
  z: 0.29699999999999999
orientation:
  x: 0.58582423003375073
  y: 0.81043813552014143
  z: 4.7385939498107136e-16
  w: 5.8606730920897492e-16