position:
  x: -0.42509072548504379
  y: 0.41474876345047329
  z: 0.26100000000033674
orientation:
  x: 0.96114965210677872
  y: -0.27602779978657616
  z: -1.6901828074215848e-17
  w: 5.8853442247707929e-17