position:
  x: 0.280983161162082
  y: -0.27244519124993799
  z: 0.23599999999999999
orientation:
  x: 0.99759985426273223
  y: -0.069242550321138296
  z: -1.1186442649119035e-16
  w: 1.6116670320088964e-15