position:
  x: 0.38086481230960201
  y: -0.51926730311239744
  z: 0.26100000000000001
orientation:
  x: 0.81918672362854805
  y: -0.57352690593443367
  z: -3.5118394478874465e-17
  w: 5.0160719949785439e-17