position:
  x: 0.092377392556241472
  y: 0.92243694961178713
  z: 0.27400000000000002
orientation:
  x: 0.45676124764336518
  y: 0.88958932246923716
  z: 5.4471635815880694e-17
  w: 2.7968559995049937e-17