position:
  x: 0.42409579256681951
  y: 0.53219514300013171
  z: 0.25800000000000001
orientation:
  x: 0.12587873840602187
  y: 0.99204563565256831
  z: 6.0745275615500957e-17
  w: 7.7078497034820849e-18