position:
  x: -0.242118449395228
  y: -0.60336277416486805
  z: 0.270000000001694
orientation:
  x: 0.20889854928875271
  y: -0.97793731706334563
  z: -1.5799013267168483e-15
  w: 3.3748491791028273e-16