position:
  x: 0.65495282902897622
  y: -0.3551184824778848
  z: 0.29600000000000004
orientation:
  x: 0.70710678118653825
  y: -0.7071067811865569
  z: -4.3297802811775237e-17
  w: 4.3297802811774097e-17