position:
  x: 0.6541348519720569
  y: 0.74255598996117955
  z: 0.26100000000000001
orientation:
  x: 0.031622308443339568
  y: -0.99949988974922566
  z: -6.120171703647608e-17
  w: 1.9363079408393061e-18