position:
  x: -0.85242067412273104
  y: 0.23923292380281058
  z: 0.29600000000000004
orientation:
  x: 6.123233995736766e-17
  y: 1
  z: 6.123233995736766e-17
  w: 3.749399456654644e-33