position:
  x: 0.81129318451951538
  y: 0.18672821422841024
  z: 0.25800000000000001
orientation:
  x: 0.78454447463489907
  y: 0.62007255004543638
  z: 3.7968493182614035e-17
  w: 4.803949398251855e-17