position:
  x: 0.63645283845435385
  y: -0.43699315599725796
  z: 0.25900000000000001
orientation:
  x: 0.15235507699323647
  y: -0.98832582204169139
  z: -1.8975759173826042e-16
  w: 6.2836512526117585e-16