position:
  x: 0.044428609095077995
  y: -0.46966239469265603
  z: 0.27900000000000003
orientation:
  x: 0.98833905645069264
  y: 0.15226920074051309
  z: 9.3237994647797571e-18
  w: 6.0518313097732804e-17