position:
  x: -0.74299476245435103
  y: 0.096375544364131593
  z: 0.26699999999924401
orientation:
  x: 0.70710678118655346
  y: 0.70710678118654158
  z: 1.1423625238904076e-15
  w: 1.1423625238904267e-15