position:
  x: 0.49486997791347398
  y: -0.35438529349729297
  z: 0.217
orientation:
  x: 0.91924067801923348
  y: 0.3936960450331447
  z: 6.3603350952886423e-16
  w: 1.485074289971705e-15