position:
  x: 0.98696663144212904
  y: -0.022198345041825673
  z: 0.222
orientation:
  x: 0.88582914919499389
  y: 0.46401154989555288
  z: 2.8412512967349562e-17
  w: 5.4241391607653625e-17