position:
  x: -0.39042605707397088
  y: 0.69499963356669725
  z: 0.3330000000002985
orientation:
  x: 1
  y: 0
  z: 0
  w: 6.123233995736766e-17