position:
  x: -0.58434070659535597
  y: -0.35269363299836354
  z: 0.27799999999999997
orientation:
  x: -0.019281359351610041
  y: -0.99981409731087212
  z: 4.9634783058355183e-16
  w: 4.7019462969397296e-16