position:
  x: 0.24643193274720765
  y: -0.19693763762464203
  z: 0.26099999999999995
orientation:
  x: -0.43883213339139726
  y: 0.89856906173268336
  z: -2.2567269629575939e-16
  w: 1.8342877785898173e-16