position:
  x: 0.23792334269394128
  y: 0.86636687645499777
  z: 0.24499999999999997
orientation:
  x: 0.68407556971094452
  y: -0.72941114258328044
  z: -4.4663551051351404e-17
  w: 4.1887547841070513e-17