position:
  x: 0.34533474064891001
  y: 0.58015612136310601
  z: 0.29599999999999999
orientation:
  x: 0.082799860597934663
  y: 0.99656619603765539
  z: 1.6099971110715558e-15
  w: 1.3376686555276785e-16