position:
  x: -0.26527842771505805
  y: -0.68183053174796004
  z: 0.33200000000000052
orientation:
  x: 0.12616676294167226
  y: 0.99200904629384301
  z: 1.0499084874635183e-14
  w: -8.1485916153017668e-15