position:
  x: -0.53534443099311468
  y: 0.35849013674401481
  z: 0.29400000000134496
orientation:
  x: 0.70710678118654713
  y: 0.70710678118654791
  z: 4.3297802811774689e-17
  w: 4.329780281177464e-17