position:
  x: -0.59874279777181205
  y: -0.10848965215332999
  z: 0.25500000000168899
orientation:
  x: -0.26898472334684664
  y: -0.96314444327215032
  z: 6.2673013222089935e-14
  w: -3.2669452882207017e-14