position:
  x: 0.31686648016726499
  y: -0.79847242915526195
  z: 0.24299999999999999
orientation:
  x: 0.20793808343821754
  y: -0.97814199043699213
  z: -5.9893922885014172e-17
  w: 1.2732535415172418e-17