position:
  x: -0.105501284072713
  y: -0.69143555197249196
  z: 0.217000000001694
orientation:
  x: 0.14927919921009888
  y: -0.98879508528470728
  z: -1.5974425352573157e-15
  w: 2.4116720035951655e-16