position:
  x: 0.20841498020308799
  y: 0.83931448727660596
  z: 0.27300000000000002
orientation:
  x: 0.68407556971092265
  y: -0.72941114258330098
  z: -1.1783962139311259e-15
  w: 1.1051545751483618e-15