position:
  x: 0.16084372915627301
  y: 0.96757998726222405
  z: 0.255
orientation:
  x: 0.45676124764336357
  y: 0.88958932246923794
  z: 1.4371712033883383e-15
  w: 7.3791815544129511e-16