position:
  x: 0.99766316992115689
  y: 0.072433331904076068
  z: 0.21600000000000003
orientation:
  x: 0.82572393098232721
  y: 0.56407445413091795
  z: 3.4539598736610961e-17
  w: 5.0561008452843849e-17