position:
  x: 0.91240344284911801
  y: -0.48892394809227901
  z: 0.255
orientation:
  x: 0.80045522170697825
  y: -0.59939255754641485
  z: -9.6834539429938254e-16
  w: 1.293171090504942e-15