position:
  x: -0.35984492015097597
  y: 0.49817482502801885
  z: 0.54900000000033677
orientation:
  x: 0.039203530848969347
  y: -0.99923124609320235
  z: -6.1185267356803075e-17
  w: 2.4005239284732413e-18