position:
  x: -0.032183580154008302
  y: -1.0124635393163499
  z: 0.23600000000169399
orientation:
  x: 0.9985674739278716
  y: -0.053507009011058392
  z: -8.6442958101930912e-17
  w: 1.6132302647090264e-15