position:
  x: 0.64949026442775681
  y: 0.25147320459808942
  z: 0.27400000000000002
orientation:
  x: 0.8257239309823271
  y: 0.56407445413091795
  z: 3.4539598736610961e-17
  w: 5.0561008452843843e-17