position:
  x: 0.45424873542533212
  y: -0.52823665324358915
  z: 0.27900000000000003
orientation:
  x: 0.90630569804914562
  y: 0.42262274155995305
  z: -6.3561949799364616e-17
  w: 9.7202374022472678e-17