position:
  x: 0.44164324260748
  y: -0.741173857193418
  z: 0.27300000000000002
orientation:
  x: 0.86582762702767202
  y: -0.50034240303579169
  z: 2.6094941610000502e-15
  w: 3.3738645689598182e-15