position:
  x: -0.39053571456093344
  y: -0.79604329045720079
  z: 0.29000000000169207
orientation:
  x: 0.99518555365546979
  y: -0.098008743464325573
  z: -1.3224479274088446e-14
  w: -1.8097823305213882e-14