position:
  x: 0.50677083476335938
  y: -0.53527128370525956
  z: 0.27900000000000003
orientation:
  x: 0.87357791753950997
  y: -0.48668431450718963
  z: -2.9800819397822676e-17
  w: 5.3491220026028568e-17