position:
  x: -0.74024092903307137
  y: 0.29075402846543619
  z: 0.23400000000000001
orientation:
  x: 1.3161864030534215e-14
  y: 1
  z: 6.123233995736766e-17
  w: 8.0593173279032041e-31