position:
  x: 0.171474808527802
  y: -0.353977580103289
  z: 0.34400000000000003
orientation:
  x: -0.99638766516469712
  y: -0.084921261811418083
  z: -4.5278593079637959e-16
  w: 1.6599921745647833e-15