position:
  x: -0.51567953257167798
  y: -0.63772322861912401
  z: 0.30299999999999999
orientation:
  x: 0.88525957416146617
  y: 0.46509728697925079
  z: 7.5138539856264436e-16
  w: 1.4301763020010589e-15