position:
  x: 0.16593894210039639
  y: 0.82210352442784207
  z: 0.26300000000000001
orientation:
  x: 0.68407556971092398
  y: -0.72941114258329975
  z: -4.4663551051352587e-17
  w: 4.1887547841069256e-17