position:
  x: 0.083418078445730764
  y: 0.91378042846482599
  z: 0.24199999999999997
orientation:
  x: 0.45676124764336518
  y: 0.88958932246923716
  z: 5.4471635815880694e-17
  w: 2.7968559995049937e-17