position:
  x: 0.54937108908089949
  y: -0.48524462407756563
  z: 0.26100000000000001
orientation:
  x: 0.21787858668098875
  y: -0.97597588160051107
  z: -5.97612869723541e-17
  w: 1.33412156890811e-17