position:
  x: 0.075947489457911077
  y: -0.72019990979746251
  z: 0.24299999999999997
orientation:
  x: 0.99954063057584319
  y: -0.030307224024081016
  z: -1.8557822446066292e-18
  w: 6.1204211692621676e-17