position:
  x: -0.25677964594064995
  y: 0.61284747056654387
  z: 0.43899999999905792
orientation:
  x: 0.45426258322971313
  y: 0.89086783838988592
  z: 5.4549922337374767e-17
  w: 2.7815560926233815e-17