position:
  x: -0.20839063448936099
  y: -0.51414360667442305
  z: 0.27800000000000002
orientation:
  x: 0.38268343236508734
  y: 0.92387953251128774
  z: 1.4925685661779255e-15
  w: 6.1824214288265658e-16