position:
  x: -0.14926446872419599
  y: -0.92755929867421805
  z: 0.26600000000000001
orientation:
  x: 0.002794441022080148
  y: -0.9999960955420647
  z: -1.6087358516582611e-15
  w: 2.4387718194583977e-15