position:
  x: 0.46617712964670099
  y: 0.047445784534712099
  z: 0.27300000000000002
orientation:
  x: 0.94891590764372558
  y: 0.31552907983367312
  z: 5.0975129300099709e-16
  w: 1.5330159461865945e-15