position:
  x: 0.62543254582069441
  y: -0.45006208483123344
  z: 0.29699999999999971
orientation:
  x: -0.6608212250666079
  y: 0.75054334218715679
  z: -1.4443917710501952e-15
  w: 2.1483032218252041e-15