position:
  x: -0.38798225820723808
  y: 0.57222122038201717
  z: 0.52800000000000002
orientation:
  x: 0.93163406316134401
  y: 0.36339781556509776
  z: 2.2251698582446859e-17
  w: 5.704613367135915e-17