position:
  x: -0.51772375604966503
  y: -0.89439579222433585
  z: 0.25800000000000001
orientation:
  x: 0.93284869928181424
  y: -0.36026837808532042
  z: -2.2060075802809806e-17
  w: 5.7120508683212286e-17