position:
  x: -0.25204095862158366
  y: 0.39918968045286851
  z: 0.44100000000033679
orientation:
  x: 0.99944405193780039
  y: -0.033340471594614507
  z: -2.0415150910203955e-18
  w: 6.1198297956624418e-17