position:
  x: 0.96491640939384282
  y: -0.33193848188541086
  z: 0.25900000000000001
orientation:
  x: -0.8953221484152486
  y: -0.44541918521444901
  z: -1.788904105205195e-16
  w: 1.5738866854072321e-16