position:
  x: -0.57539635516390697
  y: -0.40172376740876298
  z: 0.31325824613844699
orientation:
  x: 0.9983190289537488
  y: 0.057957884958339242
  z: 9.3633546590032991e-17
  w: 1.6128288907790372e-15