position:
  x: 0.50353515710235097
  y: -0.75233565077390996
  z: 0.23699999999999999
orientation:
  x: 0.87177067504983785
  y: -0.48991416607723237
  z: -7.9147817294373803e-16
  w: 1.4083843842261991e-15