position:
  x: -0.41653559717568606
  y: 0.51095578913864825
  z: 0.27900000000000003
orientation:
  x: 0.23623313711240462
  y: 0.97169640574102767
  z: 5.9499244651686867e-17
  w: 1.4465107760862207e-17