position:
  x: 0.29020009439650901
  y: 0.437397207338102
  z: 0.216
orientation:
  x: 0.12587873840602209
  y: 0.99204563565256831
  z: 1.6026939442680334e-15
  w: 2.0336271286826788e-16