position:
  x: -0.54465402598965884
  y: -0.87061050351805924
  z: 0.24299999999999999
orientation:
  x: 0.91254743611619105
  y: -0.40897087529280896
  z: -5.506094513937214e-17
  w: 4.2424114623604072e-17