position:
  x: 0.264478094185228
  y: 0.40168980281557398
  z: 0.252
orientation:
  x: 0.12587873840601724
  y: 0.99204563565256887
  z: 1.6026939442680344e-15
  w: 2.0336271286826004e-16