position:
  x: -0.38742236089828958
  y: 0.40892824628858232
  z: 0.36800000000033672
orientation:
  x: 0.99464789618608218
  y: -0.10332261423619024
  z: -6.3266854401943561e-18
  w: 6.0904618117146725e-17