position:
  x: 0.77890619067432254
  y: -0.71682819682221033
  z: 0.22299999999999998
orientation:
  x: 0.99848832594895709
  y: 0.05496419692535584
  z: 3.3655863916170911e-18
  w: 6.1139776617969466e-17