position:
  x: -0.27558344247334798
  y: -0.477873487648379
  z: 0.41699999999966303
orientation:
  x: -0.34422303210154537
  y: 0.93888790820353973
  z: -1.1997604096935018e-15
  w: 1.4208928148821481e-15