position:
  x: -0.40041269827863485
  y: 0.5334878343323507
  z: 0.5299999999996633
orientation:
  x: 0.68595308743473904
  y: 0.72764576672907899
  z: 4.4555452956894409e-17
  w: 4.2002512644609885e-17