position:
  x: 0.71845677634330896
  y: 0.16208757755730599
  z: 0.255
orientation:
  x: 0.83988003638696196
  y: 0.54277207415142081
  z: 8.768724795488496e-16
  w: 1.3568636359591999e-15