position:
  x: 0.93632513510520898
  y: 0.19717536256131901
  z: 0.32600000000000001
orientation:
  x: 0.82572393098234809
  y: 0.5640744541308873
  z: 9.1128742394717808e-16
  w: 1.3339938166776801e-15