position:
  x: 0.12327172843828769
  y: -0.69400978184406492
  z: 0.24000000000000038
orientation:
  x: 0.95628175369819524
  y: 0.29244693115829451
  z: 2.5120122919395616e-15
  w: 3.9397323415180257e-15