position:
  x: -0.46679554943790852
  y: -0.9401035518201275
  z: 0.24499999999999997
orientation:
  x: 0.96198100386882002
  y: -0.27311636383698684
  z: -1.6723554038386493e-17
  w: 5.8904347861425399e-17