position:
  x: -0.4044545604250826
  y: 0.66969482707811667
  z: 0.49399999999966326
orientation:
  x: 0.33337605673647724
  y: -0.94279393548900026
  z: -5.7729478767607016e-17
  w: 2.0413396039734663e-17