position:
  x: -0.34380726938665901
  y: -0.70835076122444895
  z: 0.29100000000169401
orientation:
  x: 0.99918698118261418
  y: -0.04031596005522152
  z: -1.3086973526593634e-16
  w: 1.6115786792050594e-15