position:
  x: 0.75719373842438442
  y: -0.086624142448794031
  z: 0.2609999999999999
orientation:
  x: -0.85360597842347219
  y: 0.52091921984095257
  z: -2.980077617575671e-16
  w: 9.3037397695240238e-16