position:
  x: 0.9768884328224311
  y: -0.20527722963145856
  z: 0.24299999999999999
orientation:
  x: 0.88697154419194213
  y: 0.46182407883712789
  z: 2.8278568995853178e-17
  w: 5.4311343126472353e-17