position:
  x: -0.58175191798674797
  y: -0.57836230335616645
  z: 0.29699999999999999
orientation:
  x: -0.46720229392655999
  y: 0.8841504490468578
  z: -6.3120649521972162e-16
  w: -1.1292743436459508e-16