position:
  x: -0.36716502710433002
  y: 0.49628568737245787
  z: 0.38400000000033674
orientation:
  x: 0.065678463329682649
  y: 0.99784083873864948
  z: 6.1100129460989868e-17
  w: 4.0216459944806331e-18