position:
  x: -0.29123553160392956
  y: -0.59894584819838315
  z: 0.34500000000169428
orientation:
  x: 0.98891736449300205
  y: 0.14846698691700796
  z: 1.931463302769795e-15
  w: 1.3436775257868233e-15