position:
  x: -0.48425716235380484
  y: -0.76984418066374682
  z: 0.36799999999999677
orientation:
  x: -0.87731111239998727
  y: 0.47992208957235638
  z: 9.1338797254210617e-15
  w: 3.9234433671313143e-14