position:
  x: 0.88036324841162306
  y: -0.38563936257033116
  z: 0.24099999999999999
orientation:
  x: 0.82896957809694283
  y: -0.5592936961827627
  z: -6.1516228031550502e-17
  w: 3.2361502900945881e-17