position:
  x: 0.76178459429766943
  y: -0.38133545659232948
  z: 0.22199999999999998
orientation:
  x: 0.95017783313124904
  y: 0.31170833390527786
  z: 1.9086630669232647e-17
  w: 5.8181612098247596e-17