position:
  x: -0.50672564447479063
  y: 0.69252807596215937
  z: 0.27700000000029851
orientation:
  x: 1
  y: 0
  z: 0
  w: 6.123233995736766e-17