position:
  x: -0.425517237619011
  y: -0.87223030397567902
  z: 0.22800000000000001
orientation:
  x: 0.25452356750076144
  y: 0.96706657143481356
  z: 1.5623391525966367e-15
  w: 4.111941685410814e-16