position:
  x: -0.52843049461108604
  y: 0.58363443719027297
  z: 0.254
orientation:
  x: 1.6714577709334716e-14
  y: 1
  z: 1.6155445744325867e-15
  w: 2.7003145332247554e-29