position:
  x: -0.19541567444605343
  y: -0.66926981238627992
  z: 0.29700000000000015
orientation:
  x: 0.18995339908604064
  y: -0.98179310762281247
  z: -1.4667073713017584e-15
  w: 2.0930712123445053e-15