position:
  x: -0.32303447571948501
  y: -0.51778927108362405
  z: 0.32700000000169399
orientation:
  x: 0.12095837293556692
  y: -0.99265758044593622
  z: -1.6036825683588112e-15
  w: 1.9541364312824859e-16