position:
  x: 0.33902740794231356
  y: -0.74330460380439445
  z: 0.29700000000000004
orientation:
  x: 0.79362165657351125
  y: -0.60841159277048273
  z: -1.2013581954400063e-16
  w: 2.6484272174769884e-16