position:
  x: -0.21550397795153903
  y: 0.55908459913805131
  z: 0.45699999999939467
orientation:
  x: 0.44220230245179265
  y: 0.8969153380929179
  z: 5.4920224895082902e-17
  w: 2.7077081713658882e-17