position:
  x: -0.76298061999255196
  y: -0.51221339111512099
  z: 0.28900000000169401
orientation:
  x: 0.69702000674576614
  y: -0.71705167888802279
  z: -1.3877171450045163e-15
  w: 8.9018917646609358e-16