position:
  x: -0.14845198612004701
  y: -0.85431221533373358
  z: 0.27900000000020425
orientation:
  x: 0.98562252907276315
  y: 0.16896221525598615
  z: 1.4137831209101846e-12
  w: 1.0030694826904038e-12