position:
  x: -0.623136274340094
  y: -0.71741571657985204
  z: 0.22800000000000001
orientation:
  x: 0.72653374753584621
  y: -0.68713078354234669
  z: -1.1100904092774503e-15
  w: 1.1737476539737111e-15