position:
  x: -0.42932439270481398
  y: -0.86242034452850902
  z: 0.26400000000000001
orientation:
  x: -0.2937779158280468
  y: -0.9558737030443557
  z: 1.5635845159089056e-15
  w: 4.117234368927926e-16