position:
  x: -0.33772132751872697
  y: -0.5194880347181291
  z: 0.27300000000169372
orientation:
  x: 0.076892531121182897
  y: -0.99703938671337244
  z: 1.6107615717003825e-15
  w: -1.2422331146721566e-16