position:
  x: 0.062028488616951379
  y: 0.7214430523184755
  z: 0.27600000000000002
orientation:
  x: 0.68407556971093419
  y: -0.7294111425832901
  z: -4.4663551051351996e-17
  w: 4.1887547841069885e-17