position:
  x: -0.18903143781180265
  y: -0.48332840804217042
  z: 0.24099999999999994
orientation:
  x: -0.64818441260411841
  y: 0.76148339919991292
  z: -1.2892579043145118e-16
  w: 6.2813405066224565e-16