position:
  x: 0.278270107833758
  y: -0.66998261527052605
  z: 0.252
orientation:
  x: 0.93449147402514299
  y: -0.35598551230958186
  z: 3.4826436556123303e-15
  w: 3.055474918426739e-15