position:
  x: 0.7643108264591203
  y: 0.16405051587077477
  z: 0.255
orientation:
  x: 0.83988003638694309
  y: 0.54277207415145012
  z: 3.3235204163807162e-17
  w: 5.1427819911451617e-17