position:
  x: -0.38627682092476134
  y: 0.56975312725663918
  z: 0.54800000000000004
orientation:
  x: 0.93163406316134401
  y: 0.36339781556509776
  z: 2.2251698582446859e-17
  w: 5.704613367135915e-17