position:
  x: 0.45204585840583617
  y: -0.55636695652948143
  z: 0.222
orientation:
  x: 0.90469163837819122
  y: 0.42606694244987375
  z: 2.6089075864686871e-17
  w: 5.5396385957761333e-17