position:
  x: -0.61251624914278524
  y: -0.2618355680011194
  z: 0.22200000000000383
orientation:
  x: 0.94938061283234487
  y: -0.31412808212269294
  z: 4.1019787203537434e-14
  w: 8.1697138542860279e-14