position:
  x: -0.33851505725416903
  y: -0.387858262859261
  z: 0.23500000000169399
orientation:
  x: 0.65263055197196285
  y: 0.75767629145484761
  z: 1.2240598218360823e-15
  w: 1.0543537473472489e-15