position:
  x: 0.66480614724857512
  y: -0.40084355500018765
  z: 0.222
orientation:
  x: 0.22068693711237541
  y: -0.97534469588343919
  z: -5.9722637993950118e-17
  w: 1.351317755741519e-17