position:
  x: 0.630098090987116
  y: 0.69985565969089403
  z: 0.253
orientation:
  x: 1
  y: 0
  z: 0
  w: 1.6155445744325867e-15