position:
  x: -0.20042605707397201
  y: 0.75670521577247696
  z: 0.266000000000299
orientation:
  x: 1
  y: 0
  z: 0
  w: 1.6155445744325867e-15