position:
  x: -0.77124914610247741
  y: 0.35886007741243742
  z: 0.29700000000029853
orientation:
  x: 0.70710678118654302
  y: 0.70710678118655201
  z: 4.3297802811774942e-17
  w: 4.3297802811774387e-17