position:
  x: 0.38144527882427148
  y: -0.8337928609004257
  z: 0.27599999999997737
orientation:
  x: 0.7345964442242191
  y: 0.67850428453557587
  z: 1.7729098944429677e-14
  w: 4.2621985237286796e-15