position:
  x: -0.38351578932297298
  y: -0.28566088699620701
  z: 0.32500000000169399
orientation:
  x: 0.46762997388776911
  y: 0.88392432228201778
  z: 1.4280191430717151e-15
  w: 7.554770671564376e-16