position:
  x: -0.44357578946221182
  y: 0.20695107843270444
  z: 0.24300000000169392
orientation:
  x: 0.70710678118654791
  y: -0.70710678118654724
  z: -4.3297802811774646e-17
  w: 4.3297802811774689e-17