position:
  x: -0.3972622419686041
  y: -0.85499805990600297
  z: 0.313
orientation:
  x: 0.97124344627275061
  y: -0.2380885719059832
  z: -1.9524314685421893e-16
  w: 2.4380270856103206e-16