position:
  x: -0.156257009425254
  y: -0.79529504672664497
  z: 0.272000000001694
orientation:
  x: -0.99599156466967587
  y: -0.089447208491103714
  z: -1.3626213750824407e-15
  w: 1.7444196460039743e-15