position:
  x: -0.28762427752463859
  y: -0.8823764718338003
  z: 0.23600000000169372
orientation:
  x: -0.1342088063968935
  y: -0.99095307471419714
  z: 1.600928863371811e-15
  w: 2.1682030901557494e-16