position:
  x: 0.88227082093276266
  y: 0.31347281320323239
  z: 0.24099999999999999
orientation:
  x: 0.62007255004541506
  y: -0.78454447463491594
  z: -4.8039493982519579e-17
  w: 3.7968493182612728e-17