position:
  x: -0.2625284490806819
  y: -0.58198951974448832
  z: 0.38099999999966272
orientation:
  x: -0.97352885611896345
  y: -0.22856414045887125
  z: 3.6925555702817694e-16
  w: 1.5727792615565537e-15