position:
  x: -0.53408575102274602
  y: -0.87450630300596399
  z: 0.25500000000169398
orientation:
  x: 0.95722540243312859
  y: -0.28934327180139352
  z: -4.6744695290731461e-16
  w: 1.5464403054098902e-15