position:
  x: 0.80559897773390687
  y: -0.2526903324555197
  z: 0.27700000000000002
orientation:
  x: 0.62054611061012188
  y: 0.78416995900547626
  z: 4.8016561514178385e-17
  w: 3.7997490404101256e-17