position:
  x: -0.76254305300838743
  y: -0.30840097142817341
  z: 0.24300000000000002
orientation:
  x: 0.31088852115380455
  y: 0.95044638324042263
  z: 1.9253830454629104e-16
  w: 3.2255809677039414e-16