position:
  x: -0.76879962306548477
  y: -0.043371091620256694
  z: 0.24299999999999999
orientation:
  x: 0.80650082183540128
  y: -0.59123296963111105
  z: -3.620257819045622e-17
  w: 4.9383932498521701e-17