position:
  x: -0.1881126383066084
  y: 0.5361922126661397
  z: 0.52999999999905789
orientation:
  x: 0.41069285213562795
  y: 0.91177375549239359
  z: 5.5830040560516061e-17
  w: 2.5147684340029701e-17