position:
  x: -0.39449184021001321
  y: 0.53953315550288328
  z: 0.29499999999966325
orientation:
  x: 0.81924661588739589
  y: 0.57344135040738886
  z: 3.5113155713757228e-17
  w: 5.0164387292940027e-17