position:
  x: -0.77179704844329899
  y: -0.043495353860844542
  z: 0.24199999999999999
orientation:
  x: 0.80650082183540128
  y: -0.59123296963111105
  z: -3.620257819045622e-17
  w: 4.9383932498521701e-17