position:
  x: -0.77119412931582454
  y: 0.31289432280317414
  z: 0.31500000000029854
orientation:
  x: 0.70710678118654302
  y: 0.70710678118655201
  z: 4.3297802811774942e-17
  w: 4.3297802811774387e-17