position:
  x: -0.72602310690673999
  y: -0.66470731822176299
  z: 0.216000000001694
orientation:
  x: 0.85295099953829201
  y: -0.52199098879830164
  z: -8.4329970985579738e-16
  w: 1.3779803595609394e-15