position:
  x: 0.616123846770534
  y: 0.59735565969089399
  z: 0.23499999999999999
orientation:
  x: 1
  y: 0
  z: 0
  w: 1.6155445744325867e-15