position:
  x: -0.15442605707397219
  y: 0.76699963356669676
  z: 0.22200000000029851
orientation:
  x: 1
  y: 0
  z: 0
  w: 6.123233995736766e-17