position:
  x: 0.14415065284329986
  y: 0.33307769142214971
  z: 0.24199999999999997
orientation:
  x: 0.11889020404410158
  y: 0.9929074072552545
  z: 6.0798043907242243e-17
  w: 7.2799253916292362e-18