position:
  x: -0.30790474219049163
  y: 0.45686516566567181
  z: 0.26099999999939466
orientation:
  x: 0.74359974781256599
  y: -0.6686250182674055
  z: -4.0941474422550938e-17
  w: 4.5532352550271898e-17