position:
  x: 0.997663169921157
  y: 0.072433331904076095
  z: 0.23599999999999999
orientation:
  x: 0.82572393098232832
  y: 0.56407445413091617
  z: 9.1128742394722463e-16
  w: 1.3339938166776483e-15