position:
  x: 0.86847385142462996
  y: -0.63718051841952794
  z: 0.22299999999999998
orientation:
  x: 0.97758730970213081
  y: 0.21053040613970753
  z: 1.2891269400109256e-17
  w: 5.9859958485689339e-17