position:
  x: -0.4166285040993547
  y: -0.36616647519078011
  z: 0.27900000000000003
orientation:
  x: -0.97820369065976476
  y: 0.2076476332145763
  z: 1.1599923591907204e-16
  w: 8.7220389337436768e-17