position:
  x: 0.50636915894065104
  y: -0.30498551020227499
  z: 0.27099999999997898
orientation:
  x: -0.59976651112650625
  y: -0.80017506342745925
  z: 1.5111589811916958e-13
  w: 5.9495661707884009e-14