position:
  x: -0.31189360178991221
  y: 0.39688836653389403
  z: 0.36699999999999999
orientation:
  x: 0.99648640591237325
  y: -0.083754658567991733
  z: -5.1284937264485258e-18
  w: 6.1017194369721907e-17