position:
  x: 0.25955381629515722
  y: 0.86946724539971643
  z: 0.26000000000000001
orientation:
  x: 0.68407556971094452
  y: -0.72941114258328044
  z: -4.4663551051351404e-17
  w: 4.1887547841070513e-17