position:
  x: 0.83127484771645088
  y: 0.39664802176708813
  z: 0.24199999999999997
orientation:
  x: 0.62007255004541495
  y: -0.78454447463491606
  z: -4.8039493982519592e-17
  w: 3.7968493182612722e-17