position:
  x: 0.75500952431676216
  y: -0.11069454606156187
  z: 0.223
orientation:
  x: 0.44097022882956022
  y: -0.89752173081547459
  z: -5.4957355740418164e-17
  w: 2.700163896276984e-17