position:
  x: 0.3758929951562866
  y: -0.6259239851801196
  z: 0.24000000000000016
orientation:
  x: 0.82668713454719922
  y: -0.56266187144157986
  z: -1.621180230538609e-15
  w: 1.3880190387288414e-15