position:
  x: 0.19321899402790557
  y: -0.3220133896330819
  z: 0.25899999999999923
orientation:
  x: 0.99797896715193002
  y: 0.063545110924184856
  z: 2.4537792719468745e-14
  w: 5.3962643599684068e-15