position:
  x: 0.56696561922838873
  y: -0.48722796682212083
  z: 0.26000000000000001
orientation:
  x: 0.85190319706028506
  y: 0.52369928665071253
  z: 3.2067332755627365e-17
  w: 5.2164026173163748e-17