position:
  x: -0.3291723371140558
  y: 0.58292817914667294
  z: 0.27699999999939462
orientation:
  x: 0.79184281224203557
  y: -0.61072494684647061
  z: -3.739611756574838e-17
  w: 4.8486388272002372e-17