position:
  x: 0.52760874322634799
  y: -0.77232432967367404
  z: 0.27299999999999902
orientation:
  x: -0.93318056465132682
  y: 0.35940789328704348
  z: 9.6723049833660739e-15
  w: 5.4564438272848899e-15