position:
  x: -0.35198389096305949
  y: -0.30063019301363614
  z: 0.24200000000000002
orientation:
  x: 0.22191734216443512
  y: 0.97506548151735584
  z: 2.3241308304948644e-16
  w: 2.5531564858881286e-16