position:
  x: 0.96776660970879891
  y: -0.33287462192014106
  z: 0.27800000000000002
orientation:
  x: -0.8953221484152486
  y: -0.44541918521444901
  z: -1.788904105205195e-16
  w: 1.5738866854072321e-16