position:
  x: -0.26587152757352556
  y: -0.68239341863862457
  z: 0.35099999999999998
orientation:
  x: 0.11074076164857992
  y: 0.99384932646226232
  z: 6.0855719824338116e-17
  w: 6.7809159644036683e-18