position:
  x: -0.71515047302224899
  y: -0.68105480208551095
  z: 0.25500000000169398
orientation:
  x: 0.86231625019475544
  y: -0.5063701063945778
  z: -8.1806347804061189e-16
  w: 1.3931103394471901e-15