position:
  x: 0.276959750535682
  y: -0.19085689738912401
  z: 0.28799999999999998
orientation:
  x: -0.034383674570631691
  y: -0.99940870664759618
  z: 1.6078029052777401e-15
  w: 2.5280463572492954e-16