position:
  x: -0.31795476169398745
  y: -0.60648071661643888
  z: 0.29100000000169374
orientation:
  x: -0.99621732980399147
  y: -0.086896673113562098
  z: 5.9918034772132286e-16
  w: 1.5694143725929712e-15