position:
  x: -0.048421186500764123
  y: -0.66126705855423096
  z: 0.27900000000000003
orientation:
  x: 0.88174191650501188
  y: 0.4717321196167043
  z: -4.0401197904254859e-17
  w: 3.4288433150961419e-16