position:
  x: 0.24408560746882968
  y: -0.19506821052308271
  z: 0.26099999999999995
orientation:
  x: -0.43883213339139726
  y: 0.89856906173268336
  z: -2.2567269629575939e-16
  w: 1.8342877785898173e-16