position:
  x: 0.46246286312388446
  y: -0.49358873489669131
  z: 0.29499999999999987
orientation:
  x: -0.90882731598052702
  y: -0.41717251794387339
  z: 9.0120938991519881e-15
  w: -2.6034626080704161e-15