position:
  x: -0.30211222433345641
  y: -0.4600707442407182
  z: 0.27699999999999614
orientation:
  x: -0.51306470910991309
  y: -0.85834993112713664
  z: 5.8374582712802108e-14
  w: -1.5312126591253649e-14