position:
  x: -0.37274560849269273
  y: 0.56871514325535644
  z: 0.36899999999999999
orientation:
  x: 0.97385038590902084
  y: 0.22719028558644677
  z: 1.3911392802040755e-17
  w: 5.9631137897594857e-17