position:
  x: -0.38902466266809294
  y: 0.69234706995404371
  z: 0.29700000000029853
orientation:
  x: 1
  y: 0
  z: 0
  w: 6.123233995736766e-17