position:
  x: 0.75138919912465996
  y: 0.36560727581305102
  z: 0.26600000000000001
orientation:
  x: 0.78454447463491672
  y: 0.62007255004541406
  z: 1.0017548439804472e-15
  w: 1.2674665693975038e-15