position:
  x: 0.60865916531919895
  y: 0.34453100411219101
  z: 0.26600000000000001
orientation:
  x: 0.62007255004543493
  y: -0.78454447463490029
  z: -1.2674665693974774e-15
  w: 1.001754843980481e-15