position:
  x: 0.65631699724416603
  y: -0.33861382603386297
  z: 0.29100000000000004
orientation:
  x: 0.74485961007099022
  y: -0.66722122364691938
  z: -1.0289205736334001e-15
  w: 1.2472510493203903e-15