position:
  x: 0.52750677642277999
  y: -0.22539287782769599
  z: 0.252
orientation:
  x: -0.92617952920774771
  y: -0.37708285518770907
  z: 5.177927529644586e-16
  w: 1.5334972971861742e-15