position:
  x: 0.21329683737789168
  y: 0.85244019143929839
  z: 0.23999999999999999
orientation:
  x: 0.6840755697109322
  y: -0.72941114258329198
  z: -4.4663551051352106e-17
  w: 4.1887547841069762e-17