position:
  x: 0.52764791187081139
  y: -0.76867672845509305
  z: 0.25899999999999912
orientation:
  x: -0.93318056465132682
  y: 0.35940789328704364
  z: 9.273282065006779e-15
  w: 6.4924823762934997e-15