position:
  x: -0.39402070814941736
  y: 0.54324347148022722
  z: 0.25899999999966322
orientation:
  x: 0.85413517094724356
  y: 0.52005106456089767
  z: 3.1843943580383845e-17
  w: 5.2300695156985957e-17