position:
  x: -0.55227076672073605
  y: -0.310677392002286
  z: 0.28800000000169301
orientation:
  x: -0.086741011734931137
  y: -0.99623089536673204
  z: 1.8055445954275237e-14
  w: -1.4673743762962968e-14