position:
  x: 0.49264458741300798
  y: -0.67289660274838203
  z: 0.255
orientation:
  x: 0.033581789597564089
  y: -0.99943597264028117
  z: -1.6146333630917614e-15
  w: 5.4252877984081345e-17