position:
  x: -0.40996129432793055
  y: -0.69852203932338441
  z: 0.29400000000000104
orientation:
  x: 0.7940879648827962
  y: 0.60780284963818576
  z: 2.3668549468862897e-14
  w: 3.2122518072150841e-15