position:
  x: 0.22648925469281506
  y: -0.65452559390372067
  z: 0.315
orientation:
  x: 0.97084409801554339
  y: -0.23971177974473024
  z: -1.4678113189114962e-17
  w: 5.9447055855291718e-17