position:
  x: 0.030174484529621601
  y: -0.383973282381667
  z: 0.29000000000000004
orientation:
  x: 0.6120015338231235
  y: -0.79085657523861064
  z: -1.0763431029236399e-15
  w: 1.248871958699361e-15