position:
  x: 0.37720277275397701
  y: -0.63312776196741705
  z: 0.254
orientation:
  x: 0.82668713454719878
  y: -0.56266187144158053
  z: -1.3713081646373629e-15
  w: 1.0208962023545608e-15