position:
  x: 0.74800393793603936
  y: -0.65514038781101336
  z: 0.33299999999999996
orientation:
  x: -0.57256055253929983
  y: 0.81986243582438367
  z: -3.3895550088678587e-16
  w: 3.9720631504509013e-16