position:
  x: 0.98697589106228134
  y: -0.13698048392331949
  z: 0.25500000000000028
orientation:
  x: 0.53766216734926875
  y: 0.84316036066770061
  z: 1.3975364745073132e-15
  w: 8.1314483906532304e-16