position:
  x: 0.75688497218235196
  y: 0.357620824777028
  z: 0.23699999999999999
orientation:
  x: 0.82572393098232832
  y: 0.56407445413091617
  z: 9.1128742394722463e-16
  w: 1.3339938166776483e-15