position:
  x: 0.50541427189851573
  y: -0.28377301433176771
  z: 0.29500000000000087
orientation:
  x: 0.92271630984789221
  y: 0.38547971612095044
  z: 5.8658563061464949e-14
  w: -8.0755273127937124e-15