position:
  x: -0.53644613447739098
  y: -0.55022114189089899
  z: 0.29100000000169401
orientation:
  x: 0.94469982794956864
  y: 0.32793632777119314
  z: 5.2979575509009751e-16
  w: 1.5262046815113238e-15