position:
  x: -0.25249577252654004
  y: -0.99865510351877806
  z: 0.27899999999994757
orientation:
  x: -0.99944825468101339
  y: 0.033214247170095683
  z: 5.1746669914277192e-13
  w: 5.5468044083799544e-13