position:
  x: -0.7794880621390482
  y: 0.55642076692078102
  z: 0.2430000000002985
orientation:
  x: 3.1698568089078059e-15
  y: 1
  z: 6.123233995736766e-17
  w: 1.9409774973921938e-31