position:
  x: 0.61629885674071105
  y: -0.54880524994572433
  z: 0.29700000000000004
orientation:
  x: 0.92762978399245266
  y: 0.37350098239511459
  z: 2.2870339128428449e-17
  w: 5.6800942288005387e-17