position:
  x: -0.21450984248067484
  y: -0.52657160318906415
  z: 0.35099999999999998
orientation:
  x: 0.46130195015167441
  y: -0.88724320836299564
  z: -5.4327977759348537e-17
  w: 2.8246597834684e-17