position:
  x: -0.42140178637174686
  y: -0.36999272479714945
  z: 0.24199999999999999
orientation:
  x: 0.13958850317145302
  y: 0.9902095989144688
  z: 6.0632850789779438e-17
  w: 8.5473306803345047e-18