position:
  x: -0.34383429987733388
  y: 0.59522542778604559
  z: 0.34799999999939468
orientation:
  x: 0.84926400329532414
  y: -0.52796842017946466
  z: -3.2328741791183311e-17
  w: 5.2002422163334296e-17