position:
  x: 0.044210448661517451
  y: -0.46667033753657983
  z: 0.24299999999999999
orientation:
  x: 0.98833905645069231
  y: 0.15226920074051506
  z: 9.3237994647798773e-18
  w: 6.051831309773278e-17