position:
  x: 0.28036243613977002
  y: 0.87505206468857299
  z: 0.28500000000000003
orientation:
  x: 0.68407556971094452
  y: -0.72941114258328044
  z: -1.1783962139310926e-15
  w: 1.1051545751483971e-15