position:
  x: -0.471928799399913
  y: -0.62990666827658603
  z: 0.26700000000079999
orientation:
  x: 0.39399309696832335
  y: -0.91911339863006536
  z: -1.4848686644450973e-15
  w: 6.365134101710668e-16