position:
  x: 0.54573984197518477
  y: -0.13982399110773699
  z: 0.22299999999999998
orientation:
  x: 0.92934532054509011
  y: 0.3692116942635264
  z: 2.2607695979379939e-17
  w: 5.6905988605405781e-17