position:
  x: -0.20437252829111457
  y: -0.7806056663805685
  z: 0.27700000000000141
orientation:
  x: 0.13907838922115165
  y: -0.99028137498978031
  z: -1.4035571884723506e-14
  w: 1.8646805547294754e-14