position:
  x: 0.83320230616714841
  y: 0.344125651883599
  z: 0.25199999999999972
orientation:
  x: 0.56407445413091617
  y: -0.82572393098232832
  z: 1.3339938166776483e-15
  w: -9.1128742394722463e-16