position:
  x: 0.31744272011945818
  y: 0.48839096735052179
  z: 0.29600000000000004
orientation:
  x: 0.12587873840602187
  y: 0.99204563565256831
  z: 6.0745275615500957e-17
  w: 7.7078497034820849e-18