position:
  x: 0.082258158806484419
  y: 0.91294867872143337
  z: 0.25900000000000001
orientation:
  x: 0.4567612476433624
  y: 0.88958932246923861
  z: 5.4471635815880786e-17
  w: 2.7968559995049764e-17