position:
  x: 0.38894907790535599
  y: 0.066478613290907804
  z: 0.255
orientation:
  x: 0.94891590764372225
  y: 0.31552907983368311
  z: 5.0975129300101327e-16
  w: 1.5330159461865889e-15