position:
  x: 0.94849664054991378
  y: -0.44996189755764932
  z: 0.27700000000004543
orientation:
  x: 0.5949070951763511
  y: 0.80379446882199679
  z: 4.5598508385264539e-13
  w: 1.7640341018054115e-13