position:
  x: -0.39852025241957423
  y: -0.85772155209531631
  z: 0.312
orientation:
  x: 0.97124344627275061
  y: -0.2380885719059832
  z: -1.9524314685421893e-16
  w: 2.4380270856103206e-16