position:
  x: 0.37379786004502386
  y: 0.8457686871085266
  z: 0.22299999999999998
orientation:
  x: 0.68407556971094452
  y: -0.72941114258328044
  z: -4.4663551051351404e-17
  w: 4.1887547841070513e-17