position:
  x: -0.3992433168793032
  y: 0.53513327727386217
  z: 0.45899999999966323
orientation:
  x: 0.72030587347228148
  y: 0.69365657831619654
  z: 4.2474215417121774e-17
  w: 4.4106014117743393e-17