position:
  x: -0.71122158454632955
  y: -0.16534278220265708
  z: 0.223
orientation:
  x: 0.88532672009525382
  y: -0.46496945994912398
  z: -2.8471168041398404e-17
  w: 5.4210626698213863e-17