position:
  x: 0.93439694456641598
  y: 0.34013029080624901
  z: 0.246
orientation:
  x: 0.78454447463491672
  y: 0.62007255004541406
  z: 1.0017548439804472e-15
  w: 1.2674665693975038e-15