position:
  x: 0.63159665071859095
  y: 0.57985565969089403
  z: 0.26600000000000001
orientation:
  x: 1
  y: 0
  z: 0
  w: 1.6155445744325867e-15