position:
  x: -0.16670515904789018
  y: -1.0037304449288009
  z: 0.24099999999999994
orientation:
  x: -0.99993723305435622
  y: -0.011204014976701116
  z: -2.5997361907543668e-16
  w: 2.8620765758455381e-16