position:
  x: -0.25677285980008724
  y: -0.68404147444388474
  z: 0.40400000000000036
orientation:
  x: 0.036830650876381446
  y: -0.9993215214114135
  z: -4.1124033819825452e-15
  w: 4.6283903525049807e-15