position:
  x: -0.2088386866110625
  y: -0.51888977476456666
  z: 0.25900000000000001
orientation:
  x: 0.79309294927492346
  y: 0.60910062699885936
  z: 3.7296656660639949e-17
  w: 4.8562937087793462e-17