position:
  x: -0.43529402476164214
  y: -0.49870750304733691
  z: 0.23999999999999089
orientation:
  x: -0.016559034198060138
  y: 0.99986288979360938
  z: -6.7564359252183063e-14
  w: 6.7511170004205864e-14