position:
  x: -0.47367516858024633
  y: 0.088951078432702696
  z: 0.22200000000169393
orientation:
  x: 0.70710678118654702
  y: 0.70710678118654802
  z: 4.3297802811774695e-17
  w: 4.3297802811774633e-17