position:
  x: 0.25236162173731413
  y: -0.20181349949850894
  z: 0.255
orientation:
  x: -0.43883213339139726
  y: 0.89856906173268336
  z: -2.2567269629575939e-16
  w: 1.8342877785898173e-16