position:
  x: -0.4784106267094772
  y: -0.24207137522458064
  z: 0.26100000000000023
orientation:
  x: 0.22658116481410351
  y: 0.97399228731622101
  z: 3.952022087632792e-15
  w: -2.9984055572636736e-15