position:
  x: 0.23628639112354
  y: -0.66809488981579401
  z: 0.28799999999999998
orientation:
  x: 0.97084409801554339
  y: -0.23971177974473018
  z: -3.8726506519417809e-16
  w: 1.5684419151689095e-15