position:
  x: 0.85788441899322598
  y: 0.32089912935940945
  z: 0.27900000000000003
orientation:
  x: 0.62007255004541495
  y: -0.78454447463491606
  z: -4.8039493982519592e-17
  w: 3.7968493182612722e-17