position:
  x: 0.200825501543135
  y: -0.32937687680707101
  z: 0.27299999999999902
orientation:
  x: 0.99797896715193002
  y: 0.063545110924184897
  z: 2.4523682870418668e-14
  w: 5.1746685144836649e-15