position:
  x: -0.21543308989363413
  y: -0.529426005791092
  z: 0.34999999999999998
orientation:
  x: 0.46130195015167458
  y: -0.88724320836299553
  z: -5.4327977759348531e-17
  w: 2.8246597834684007e-17