position:
  x: 0.72749790071292775
  y: -0.25947995349021036
  z: 0.27899999999999997
orientation:
  x: -0.3501207115056808
  y: 0.9367045891713971
  z: 4.6299939572696598e-17
  w: 2.987589776783992e-16