position:
  x: 0.84092301950099047
  y: -0.67197152851693243
  z: 0.33099999999999996
orientation:
  x: -0.98495775230186378
  y: -0.17279533032018093
  z: -2.7505781485208535e-16
  w: 3.358577056567285e-16