position:
  x: -0.61531463582403623
  y: -0.26291678582477762
  z: 0.22200000000000383
orientation:
  x: 0.94938061283234487
  y: -0.31412808212269294
  z: 4.1019787203537434e-14
  w: 8.1697138542860279e-14