position:
  x: 0.2687529530752768
  y: -0.18402789009965265
  z: 0.315
orientation:
  x: -0.034383674570631691
  y: -0.99940870664759618
  z: 5.4409725294326093e-17
  w: 1.9936166967358232e-16