position:
  x: 0.38493458352088067
  y: -0.20524472438134525
  z: 0.24099999999999983
orientation:
  x: -0.18146154167368531
  y: -0.98339804194100844
  z: 1.6663238500232423e-15
  w: -1.2738256661259527e-16