position:
  x: -0.50842605707397093
  y: 0.69499963356669725
  z: 0.29700000000029853
orientation:
  x: 1
  y: 0
  z: 0
  w: 6.123233995736766e-17