position:
  x: 0.27951639742931639
  y: 0.24643366498802066
  z: 0.24199999999999997
orientation:
  x: 0.99204563565256831
  y: -0.12587873840602187
  z: -7.7078497034820849e-18
  w: 6.0745275615500957e-17