position:
  x: 0.29646194272506898
  y: -0.83650388538786402
  z: 0.308
orientation:
  x: 0.12526868561748761
  y: -0.99212285348321005
  z: -1.6028186931153761e-15
  w: 2.0237714539563351e-16