position:
  x: 0.24635793186861593
  y: 0.34749801498979493
  z: 0.27900000000000003
orientation:
  x: 0.99204563565256831
  y: -0.1258787384060219
  z: -7.7078497034820864e-18
  w: 6.0745275615500957e-17