position:
  x: 0.16764789717800771
  y: -0.98518057522688818
  z: 0.25900000000000001
orientation:
  x: 0.99101647929572845
  y: -0.13373981368425417
  z: -8.1892017373492624e-18
  w: 6.0682257963589649e-17