position:
  x: 0.64507675474552029
  y: -0.78040766246370774
  z: 0.31399999999999206
orientation:
  x: -0.99070771025372761
  y: 0.13600820873688532
  z: 1.5057990189931391e-13
  w: 6.26457991067263e-14