position:
  x: 0.81720999226209001
  y: 0.132046240285289
  z: 0.253
orientation:
  x: 0.83988003638694286
  y: 0.54277207415145023
  z: 8.7687247954889712e-16
  w: 1.3568636359591691e-15