position:
  x: -0.28840054129072512
  y: 0.40963100961516297
  z: 0.47499999999999998
orientation:
  x: 0.99997419994602277
  y: 0.0071832751800005156
  z: 4.398487478291129e-19
  w: 6.1230760159691612e-17