position:
  x: 0.165938942100396
  y: 0.82210352442784196
  z: 0.247
orientation:
  x: 0.68407556971092265
  y: -0.72941114258330098
  z: -1.1783962139311259e-15
  w: 1.1051545751483618e-15