position:
  x: 0.76963910789033618
  y: -0.36382320308750016
  z: 0.29399999999999993
orientation:
  x: -0.94580590032751877
  y: -0.32473250361744144
  z: -1.5691280992188927e-16
  w: 3.5338290275229015e-16