position:
  x: 0.16413279898580763
  y: -0.24799093551325968
  z: 0.34899999999999981
orientation:
  x: -0.54295629012257784
  y: 0.83976095825915076
  z: -1.558848090021487e-15
  w: 1.7913387155551903e-15