position:
  x: 0.090515013208560688
  y: -0.61512520847899099
  z: 0.27699999999999841
orientation:
  x: -0.34231532246312057
  y: 0.93958513185712433
  z: -1.4173322657567237e-14
  w: 9.9251603662493581e-15