position:
  x: -0.29465270476117583
  y: -0.49376592101044581
  z: 0.29399999999999998
orientation:
  x: 0.62775567732784354
  y: -0.7784104377400527
  z: -4.766389255006228e-17
  w: 3.8438949044306113e-17