position:
  x: 0.383884969552936
  y: -0.84377571960743303
  z: 0.27099999999997698
orientation:
  x: 0.73459644422421944
  y: 0.67850428453557554
  z: 1.878370645502719e-14
  w: 5.403990764388372e-15