position:
  x: 0.74571722771939031
  y: -0.65319849276105002
  z: 0.31299999999999994
orientation:
  x: -0.57256055253929983
  y: 0.81986243582438367
  z: -3.3895550088678587e-16
  w: 3.9720631504509013e-16