position:
  x: -0.55597142265661004
  y: -0.867719343263052
  z: 0.30299999999999999
orientation:
  x: 0.906387020857088
  y: -0.4224483026617728
  z: -6.8248406334348238e-16
  w: 1.4643086338817843e-15