position:
  x: -0.515457708852463
  y: -0.442980271461696
  z: 0.217000000001694
orientation:
  x: 0.089948463100206003
  y: -0.99594642124258415
  z: -1.6089958372640084e-15
  w: 1.4531575154008754e-16