position:
  x: 0.084944594340801816
  y: 0.75522694315744654
  z: 0.315
orientation:
  x: 0.68407556971092387
  y: -0.72941114258329987
  z: -4.4663551051352593e-17
  w: 4.188754784106925e-17