position:
  x: 0.18668205750901909
  y: 0.82077154244009998
  z: 0.255
orientation:
  x: 0.68407556971092398
  y: -0.72941114258329975
  z: -4.4663551051352587e-17
  w: 4.1887547841069256e-17