position:
  x: -0.41113642071820278
  y: -0.70634141262572525
  z: 0.33300000000000002
orientation:
  x: 0.67243433531855812
  y: 0.74015678385372452
  z: 4.5321531810683157e-17
  w: 4.1174727819232507e-17