position:
  x: -0.59408367388932704
  y: -0.213912866909866
  z: 0.28900000000169801
orientation:
  x: 0.9520646891277682
  y: -0.30589675989792064
  z: 3.1881173988387799e-14
  w: 5.928478163675381e-14