position:
  x: -0.32422830827407201
  y: -0.606447441521898
  z: 0.273000000001694
orientation:
  x: 0.99703938671337244
  y: 0.076892531121182842
  z: 1.2422331146721575e-16
  w: 1.6107615717003825e-15