position:
  x: -0.089092462084971596
  y: -0.92649578065113602
  z: 0.248
orientation:
  x: 0.017998464416275554
  y: -0.99983801451968013
  z: -1.615282879668719e-15
  w: 2.9077321535831945e-17