position:
  x: -0.36814582798308371
  y: 0.652332379744478
  z: 0.24099999999999999
orientation:
  x: 0.053015139679076388
  y: -0.99859370865473007
  z: -6.114622944763499e-17
  w: 3.2462410557165367e-18