position:
  x: -0.21494952690701244
  y: 0.5523496462315709
  z: 0.42099999999939464
orientation:
  x: 0.46713340970358197
  y: 0.8841868453775511
  z: 5.4140829501990682e-17
  w: 2.8603671748414039e-17