position:
  x: 0.35818388791211198
  y: 0.43483677906006801
  z: 0.27100000000000002
orientation:
  x: 0.99204563565256831
  y: -0.12587873840602204
  z: -2.0336271286826778e-16
  w: 1.6026939442680334e-15