position:
  x: -0.30211222433345647
  y: -0.46007074424071831
  z: 0.27599999999999614
orientation:
  x: -0.51306470910991309
  y: -0.85834993112713664
  z: 5.8374582712802108e-14
  w: -1.5312126591253649e-14