position:
  x: 0.50806135690665521
  y: -0.28518472994040939
  z: 0.31500000000000089
orientation:
  x: 0.92271630984789232
  y: 0.38547971612095033
  z: 5.8658563061464936e-14
  w: -8.0755273127937014e-15