position:
  x: -0.15053882199415958
  y: -0.74709196426040714
  z: 0.26099999999999995
orientation:
  x: -0.97567446854031825
  y: -0.2192243860490147
  z: -3.7065064215829445e-16
  w: 6.0120176163963641e-16