position:
  x: 0.44643676675408911
  y: -0.74521771875833254
  z: 0.27800000000000008
orientation:
  x: 0.86582762702767191
  y: -0.50034240303579181
  z: 3.0538874858373444e-15
  w: 2.6048551554536727e-15