position:
  x: 0.15983290391877678
  y: 0.49906770521554189
  z: 0.24099999999999999
orientation:
  x: 0.99290740725525406
  y: -0.11889020404410598
  z: -7.2799253916295043e-18
  w: 6.0798043907242218e-17