position:
  x: 0.58904228253119395
  y: 0.55685565969089401
  z: 0.249
orientation:
  x: 1
  y: 0
  z: 0
  w: 1.6155445744325867e-15