position:
  x: -0.40289823418768622
  y: 0.40953592192460181
  z: 0.51100000000000001
orientation:
  x: 0.99956533565676897
  y: 0.02948117625487259
  z: 1.8052014067814334e-18
  w: 6.1205724442535596e-17