position:
  x: 0.57849875275554519
  y: 0.32720553447556344
  z: 0.22299999999999998
orientation:
  x: 0.62007255004543671
  y: -0.78454447463489885
  z: -4.8039493982518538e-17
  w: 3.7968493182614053e-17