position:
  x: 0.76689637730796956
  y: -0.36260770773475259
  z: 0.31399999999999995
orientation:
  x: -0.94580590032751877
  y: -0.32473250361744144
  z: -1.5691280992188927e-16
  w: 3.5338290275229015e-16