position:
  x: -0.16955571698690999
  y: -0.48818524891625598
  z: 0.36300000000000004
orientation:
  x: 0.84613111955783604
  y: 0.53297479163259021
  z: -1.5883389950412821e-15
  w: 2.9098199586882581e-15