position:
  x: 0.54611517694182621
  y: -0.77394211296152504
  z: 0.22299999999999998
orientation:
  x: 0.94957184082156065
  y: -0.3135495481080347
  z: -1.9199372523230186e-17
  w: 5.8144505771129207e-17