position:
  x: 0.84617092596841048
  y: 0.26459860285717829
  z: 0.28900000000000003
orientation:
  x: 0.56407445413088697
  y: -0.82572393098234831
  z: -5.0561008452845143e-17
  w: 3.4539598736609062e-17