position:
  x: -0.40292449848908712
  y: 0.66711434059839703
  z: 0.47399999999966325
orientation:
  x: 0.33337605673647724
  y: -0.94279393548900026
  z: -5.7729478767607016e-17
  w: 2.0413396039734663e-17