position:
  x: -0.35260044650068123
  y: 0.60276037753731859
  z: 0.50999999999966328
orientation:
  x: 0.93512510614654831
  y: 0.35431770468663687
  z: 2.1695702146286351e-17
  w: 5.725989840223497e-17