position:
  x: 0.964798358036007
  y: 0.21374101258372744
  z: 0.29199999999999998
orientation:
  x: 0.8257239309823271
  y: 0.56407445413091795
  z: 3.4539598736610961e-17
  w: 5.0561008452843843e-17