position:
  x: -0.58824386211366197
  y: -0.40788631214937399
  z: 0.29725824613844704
orientation:
  x: -0.96345765106087411
  y: -0.26786070001450912
  z: 5.5951457379248633e-16
  w: 1.5212631374241958e-15