position:
  x: 0.88620259430133996
  y: -0.36800026220130899
  z: 0.23699999999999999
orientation:
  x: 0.43499569163006302
  y: -0.90043253398757372
  z: -1.4546888949262105e-15
  w: 7.0275492951449894e-16