position:
  x: -0.34250306523758295
  y: 0.59253696831379621
  z: 0.3689999999993947
orientation:
  x: 0.84926400329532414
  y: -0.52796842017946466
  z: -3.2328741791183311e-17
  w: 5.2002422163334296e-17