position:
  x: 0.17851809429461857
  y: -0.58434092057398168
  z: 0.31299999999999994
orientation:
  x: -0.18734370144285348
  y: 0.9822944250730995
  z: -4.5939795620329618e-16
  w: 2.8854718959124441e-16