position:
  x: 0.42149006460133392
  y: 0.86486250129497599
  z: 0.25600000000000001
orientation:
  x: -0.72941114258328044
  y: -0.68407556971094452
  z: 4.1887547841070513e-17
  w: 4.4663551051351404e-17