position:
  x: -0.25536791319892371
  y: -0.76959416527842539
  z: 0.38699999999999979
orientation:
  x: -0.99996512879718547
  y: -0.0083511190644312144
  z: -2.3493386263724865e-15
  w: 2.3013782476268108e-15