position:
  x: -0.36268872804697172
  y: 0.49961988255689782
  z: 0.51200000000033674
orientation:
  x: 0.018794483449907477
  y: -0.99982336809651096
  z: -6.1221524372605902e-17
  w: 1.1508301999278548e-18