position:
  x: 0.49401590105576415
  y: 0.11454660747692283
  z: 0.26100000000000001
orientation:
  x: 0.31552907983367301
  y: -0.94891590764372558
  z: -5.8104341447794699e-17
  w: 1.9320583882810867e-17