position:
  x: -0.31842605707397198
  y: 0.75670521577247696
  z: 0.267000000000299
orientation:
  x: 1
  y: 0
  z: 0
  w: 1.6155445744325867e-15