position:
  x: 0.56416039059499679
  y: 0.028505591834495157
  z: 0.22199999999999998
orientation:
  x: 0.94891590764372558
  y: 0.31552907983367295
  z: 1.9320583882810864e-17
  w: 5.8104341447794699e-17