position:
  x: 0.90422851376266478
  y: -0.17361611382447353
  z: 0.24099999999999996
orientation:
  x: -0.84316036066770028
  y: 0.53766216734926919
  z: -9.6834937872096505e-17
  w: 2.742212194698742e-16