position:
  x: 0.7780400237379419
  y: -0.22037096586497168
  z: 0.27100000000000002
orientation:
  x: 0.6084735519056268
  y: 0.79357415320267988
  z: 4.8592402330286662e-17
  w: 3.7258259385352338e-17