position:
  x: -0.26861845864087924
  y: -0.76867361100536313
  z: 0.34799999999999986
orientation:
  x: -0.99907735080361515
  y: 0.042947026803144661
  z: -1.4963769499109428e-15
  w: 1.1082129153628738e-15