position:
  x: 0.29415846142874574
  y: -0.82646946327496962
  z: 0.314
orientation:
  x: 0.12526868561748761
  y: -0.99212285348321005
  z: -6.0750003843957587e-17
  w: 7.6704947437426135e-18