position:
  x: -0.27853290604230752
  y: 0.42659899808684015
  z: 0.26100000000033674
orientation:
  x: 0.27602779978657765
  y: 0.96114965210677827
  z: 5.8853442247707904e-17
  w: 1.6901828074215941e-17