position:
  x: -0.21479983263788169
  y: -1.0047334339815541
  z: 0.24199999999999999
orientation:
  x: 0.99978607076833004
  y: -0.020683633569171005
  z: -1.1637611629360309e-16
  w: 5.8837846146966881e-17