position:
  x: -0.31707612993317802
  y: -0.514825318730325
  z: 0.34500000000169401
orientation:
  x: -0.14846698691700791
  y: 0.98891736449300205
  z: -1.3436775257868231e-15
  w: 1.931463302769795e-15