position:
  x: -0.30279423919451981
  y: -0.51384422113203287
  z: 0.24199999999999997
orientation:
  x: 0.5823236012482762
  y: -0.81295708584724113
  z: 1.7266120374122009e-17
  w: 1.2925623261577253e-16