position:
  x: -0.49604254620288057
  y: -0.79496708696624585
  z: 0.24500000000000008
orientation:
  x: 0.46091534447394367
  y: 0.88744410822792996
  z: 1.0245477921254347e-15
  w: -3.9456865380508144e-16