position:
  x: -0.61359123786292302
  y: -0.50397023664472396
  z: 0.28900000000169401
orientation:
  x: 0.48360611144059967
  y: -0.87528574133096804
  z: -1.41406313048545e-15
  w: 7.8128722950030171e-16