position:
  x: 0.76271750965393326
  y: 0.15962384303004634
  z: 0.24199999999999997
orientation:
  x: 0.78454447463489907
  y: 0.62007255004543638
  z: 3.7968493182614035e-17
  w: 4.803949398251855e-17