position:
  x: -0.038472837312419808
  y: 0.81318847897209112
  z: 0.25399999999999973
orientation:
  x: 0.88958932246923794
  y: -0.45676124764336351
  z: 7.379181554412952e-16
  w: -1.4371712033883383e-15