position:
  x: 0.65154196836835421
  y: -0.3481105904408302
  z: 0.30700000000000893
orientation:
  x: 0.73896647790439418
  y: -0.67374219441383842
  z: -4.9691270779924512e-14
  w: 9.6003124576676596e-14