position:
  x: -0.26169010405656284
  y: 0.61930766636056389
  z: 0.47399999999905784
orientation:
  x: 0.43092351464226275
  y: 0.90238845544940316
  z: 5.5255356677681773e-17
  w: 2.6386455144198735e-17