position:
  x: 0.062677781663152604
  y: 0.34757255394723302
  z: 0.23499999999999999
orientation:
  x: 0.9929074072552545
  y: -0.11889020404410164
  z: -1.9207242409663159e-16
  w: 1.6040861747051533e-15