position:
  x: 0.050358298085184397
  y: -0.47453825656652299
  z: 0.27200000000000002
orientation:
  x: 0.98833905645069264
  y: 0.15226920074051298
  z: 2.4599768110952214e-16
  w: 1.5967058003487385e-15