position:
  x: -0.19239054805517769
  y: -0.86464345065848658
  z: 0.24099999999995872
orientation:
  x: -0.99259763690523239
  y: -0.12144929481124393
  z: 5.9673876440766957e-13
  w: 4.6862666345842231e-13