position:
  x: 0.58860621432087545
  y: -0.6738101454249168
  z: 0.23999999999999999
orientation:
  x: 0.70710678118653858
  y: -0.70710678118655645
  z: -4.3297802811775213e-17
  w: 4.3297802811774116e-17