position:
  x: 0.16458858583585054
  y: -0.5877976377377192
  z: 0.24299999999999999
orientation:
  x: 0.11130869639891246
  y: 0.99378587940560659
  z: 6.0851834812595684e-17
  w: 6.8156919381096333e-18