position:
  x: 0.57827487184468773
  y: -0.70563638520358718
  z: 0.29499999999999998
orientation:
  x: 0.38284338277170604
  y: 0.92381326266075925
  z: 5.6567247756368593e-17
  w: 2.3442396164305736e-17