position:
  x: -0.31042605707397164
  y: 0.77499963356669632
  z: 0.2420000000002985
orientation:
  x: 0.70710678118655179
  y: 0.70710678118654324
  z: 4.3297802811774405e-17
  w: 4.3297802811774929e-17