position:
  x: -0.42567619729189099
  y: -0.69602178207140497
  z: 0.217000000001694
orientation:
  x: 0.17496839705857817
  y: 0.98457405004943721
  z: 1.5906232646844864e-15
  w: 2.8266924456515251e-16