position:
  x: 0.37232676929416197
  y: -0.86190401099407399
  z: 0.253
orientation:
  x: 0.9669738597585138
  y: 0.2548755667845039
  z: 4.4357192480197439e-16
  w: 1.553805114301862e-15