position:
  x: -0.16722151213816369
  y: -1.00668567410539
  z: 0.26099999999999995
orientation:
  x: -0.99993723305435622
  y: -0.011204014976701116
  z: -2.5997361907543668e-16
  w: 2.8620765758455381e-16