position:
  x: 0.54884096389660908
  y: -0.46448810588277312
  z: 0.255
orientation:
  x: 0.84378944589823557
  y: 0.5366743621515272
  z: 3.2861826989665761e-17
  w: 5.166720220367965e-17