position:
  x: -0.46714443513903903
  y: -0.60376375210963196
  z: 0.318
orientation:
  x: 0.98926152796519462
  y: 0.14615618114868922
  z: 2.361218254745512e-16
  w: 1.5981960941990608e-15