position:
  x: 5.3463348375665243e-05
  y: -0.52858538984052494
  z: 0.26000000000000001
orientation:
  x: -0.75292039361611207
  y: -0.6581116021443163
  z: 1.5530022783427479e-17
  w: 6.7751985753805521e-17