position:
  x: 0.83636132570295874
  y: 0.22469345783456679
  z: 0.29600000000000004
orientation:
  x: 0.7071067811865378
  y: -0.70710678118655723
  z: -4.3297802811775262e-17
  w: 4.3297802811774073e-17