position:
  x: 0.30431820397795567
  y: -0.81746120392563726
  z: 0.26100000000000001
orientation:
  x: -0.70171890137169102
  y: 0.71245391672564129
  z: -2.0541828399790946e-17
  w: 6.6404416022062744e-17