position:
  x: -0.29093452063006692
  y: -0.7909066654337229
  z: 0.27899999999999014
orientation:
  x: -0.0098223635491132694
  y: 0.99995175942357795
  z: -1.0163116458672474e-13
  w: 1.0380169390607068e-13