position:
  x: -0.564532792046752
  y: -0.23657208135807301
  z: 0.273000000001694
orientation:
  x: 0.9526489080769498
  y: -0.30407245508232933
  z: -4.9124260504265361e-16
  w: 1.5390467747828444e-15