position:
  x: -0.44621040558375402
  y: -0.21695003678090699
  z: 0.28900000000170001
orientation:
  x: 0.34934482431448072
  y: 0.93699423355999611
  z: 8.8422374810678316e-14
  w: -4.6305656680510153e-14