position:
  x: 0.43512450583663398
  y: -0.68310206646899896
  z: 0.34500000000000003
orientation:
  x: -0.90125764581415091
  y: -0.43328357441926474
  z: 4.0351574576903631e-16
  w: 1.5985526851978718e-15