position:
  x: 0.68270260851911224
  y: 0.37958249570941699
  z: 0.27900000000000003
orientation:
  x: 0.62007255004543671
  y: -0.78454447463489885
  z: -4.8039493982518538e-17
  w: 3.7968493182614053e-17