position:
  x: -0.47579932181190315
  y: -0.24059452495054964
  z: 0.24100000000000021
orientation:
  x: 0.22658116481410351
  y: 0.97399228731622101
  z: 3.952022087632792e-15
  w: -2.9984055572636736e-15