position:
  x: 0.16091575204491701
  y: 0.82255450599286295
  z: 0.30299999999999999
orientation:
  x: 0.68407556971092265
  y: -0.72941114258330098
  z: -1.1783962139311259e-15
  w: 1.1051545751483618e-15