position:
  x: 0.75036132570295866
  y: 0.22469345783456654
  z: 0.27800000000000002
orientation:
  x: 0.7071067811865378
  y: -0.70710678118655723
  z: -4.3297802811775262e-17
  w: 4.3297802811774073e-17