position:
  x: -0.38549664246295107
  y: 0.40662789663955118
  z: 0.36900000000033673
orientation:
  x: 0.99464789618608218
  y: -0.10332261423619024
  z: -6.3266854401943561e-18
  w: 6.0904618117146725e-17