position:
  x: -0.28140079261687001
  y: -0.718920483712847
  z: 0.273000000001694
orientation:
  x: 0.0021535820185595933
  y: 0.99999768103955589
  z: 6.7345982339839895e-15
  w: -5.5777439193167351e-15