position:
  x: 0.44476695904480484
  y: -0.74272538206077032
  z: 0.25900000000000006
orientation:
  x: 0.86582762702767191
  y: -0.50034240303579181
  z: 3.0538874858373444e-15
  w: 2.6048551554536727e-15