position:
  x: 0.79136279279186361
  y: 0.20451344674124558
  z: 0.27600000000000002
orientation:
  x: 0.78454447463489907
  y: 0.62007255004543638
  z: 3.7968493182614035e-17
  w: 4.803949398251855e-17