position:
  x: -0.33925326628168773
  y: 0.59419817050053214
  z: 0.4229999999996632
orientation:
  x: 0.96000923253729886
  y: 0.27996834364468137
  z: 1.7143116795352264e-17
  w: 5.8783611688935501e-17