position:
  x: 0.61854800678571642
  y: -0.5507905267715224
  z: 0.27600000000000002
orientation:
  x: 0.92762978399245266
  y: 0.37350098239511459
  z: 2.2870339128428449e-17
  w: 5.6800942288005387e-17