position:
  x: 0.59035148940475746
  y: -0.70806775525511223
  z: 0.27699999999999997
orientation:
  x: 0.29998430689277167
  y: -0.95394413652900212
  z: -2.5049411483397989e-16
  w: 1.4773957098143552e-16