position:
  x: 0.90652571381359304
  y: 0.30499357795200899
  z: 0.248
orientation:
  x: 0.62007255004541528
  y: -0.78454447463491572
  z: -1.2674665693975022e-15
  w: 1.0017548439804492e-15