position:
  x: -0.21304204412414429
  y: 0.51288094936847295
  z: 0.33199999999939467
orientation:
  x: 0.56563643191902857
  y: 0.82465473192476757
  z: 5.0495538892669263e-17
  w: 3.4635242291538403e-17