position:
  x: -0.25321808701134635
  y: -0.79429881366532051
  z: 0.31299999999999961
orientation:
  x: -0.057320160452193777
  y: 0.99835584798494303
  z: -3.8213230313525618e-15
  w: 4.2392594734659561e-15