position:
  x: 0.72323385776951754
  y: -0.079523969477811388
  z: 0.23700000000000002
orientation:
  x: 0.45465307685527562
  y: -0.89066861385480001
  z: -5.4537723352914535e-17
  w: 2.7839471764665442e-17