position:
  x: -0.48668250720221573
  y: 0.48268808907420352
  z: 0.54900000000000004
orientation:
  x: 0.73428427259571927
  y: -0.67884210757625774
  z: -4.1567090708485362e-17
  w: 4.4961944204929511e-17