position:
  x: 0.83033175953184279
  y: 0.15744156677885882
  z: 0.24099999999999999
orientation:
  x: 0.78454447463489907
  y: 0.62007255004543638
  z: 3.7968493182614035e-17
  w: 4.803949398251855e-17