position:
  x: 0.024244795539515175
  y: -0.37909742050779988
  z: 0.29600000000000015
orientation:
  x: 0.61200153382312339
  y: -0.79085657523861075
  z: -7.2513223132119874e-16
  w: 9.7708868111682362e-16