position:
  x: 0.87092906608487908
  y: -0.63890444445393291
  z: 0.24299999999999997
orientation:
  x: 0.97758730970213081
  y: 0.21053040613970753
  z: 1.2891269400109256e-17
  w: 5.9859958485689339e-17