position:
  x: 0.7933613257029587
  y: 0.22469345783456654
  z: 0.222
orientation:
  x: 0.7071067811865378
  y: -0.70710678118655723
  z: -4.3297802811775262e-17
  w: 4.3297802811774073e-17