position:
  x: -0.068281720398860116
  y: -0.8191096354701044
  z: 0.24000000000000002
orientation:
  x: 0.96725883596265294
  y: 0.25379193102258701
  z: -8.7198897952689155e-17
  w: 3.1574518652279918e-16