position:
  x: 0.69795282902897615
  y: -0.2465684824778851
  z: 0.29599999999999999
orientation:
  x: 0.70710678118653825
  y: -0.7071067811865569
  z: -4.3297802811775237e-17
  w: 4.3297802811774097e-17