position:
  x: -0.20369002553432622
  y: -0.77768433278322358
  z: 0.27600000000000141
orientation:
  x: 0.13907838922115165
  y: -0.99028137498978031
  z: -1.4035571884723506e-14
  w: 1.8646805547294754e-14