position:
  x: -0.44028862097224886
  y: -0.58995202419891302
  z: 0.29700000000000021
orientation:
  x: 0.99996120751320106
  y: 0.008808147860982829
  z: 3.3850869038181378e-15
  w: 3.3622154965619963e-15