position:
  x: -0.43557578946221265
  y: 0.21495107843270372
  z: 0.24000000000169394
orientation:
  x: 7.1666596975583694e-15
  y: -1
  z: -6.123233995736766e-17
  w: 4.3883134295965982e-31