position:
  x: -0.71893883242039203
  y: -0.38194244052842802
  z: 0.23700000000169399
orientation:
  x: 0.44042342690330677
  y: -0.89779017873596034
  z: -1.450420052235743e-15
  w: 7.1152367778664425e-16