position:
  x: 0.26671079696895439
  y: 0.27621396308643903
  z: 0.23999999999999999
orientation:
  x: 0.99204563565256831
  y: -0.1258787384060219
  z: -7.7078497034820864e-18
  w: 6.0745275615500957e-17