position:
  x: -0.38693509673896398
  y: -0.539811582831495
  z: 0.27800000000000002
orientation:
  x: 0.38268343236509206
  y: 0.92387953251128585
  z: 1.4925685661779225e-15
  w: 6.1824214288266427e-16