position:
  x: 0.24645468699386536
  y: 0.32604145476170449
  z: 0.26100000000000001
orientation:
  x: 0.99204563565256831
  y: -0.12587873840602193
  z: -7.707849703482088e-18
  w: 6.0745275615500957e-17