position:
  x: 0.21416607212154901
  y: 0.85531150315355298
  z: 0.247
orientation:
  x: 0.68407556971093364
  y: -0.72941114258329065
  z: -1.1783962139311091e-15
  w: 1.1051545751483796e-15