position:
  x: 0.89763279659250439
  y: 0.17093115642275797
  z: 0.25199999999999972
orientation:
  x: 0.56407445413091617
  y: -0.82572393098232832
  z: 1.3339938166776483e-15
  w: -9.1128742394722463e-16