position:
  x: 0.76329732244821502
  y: -0.72900448933654827
  z: 0.27900000000000041
orientation:
  x: 0.9993902696331739
  y: 0.034915454494133802
  z: 1.1502948970501901e-14
  w: 2.325554869153284e-15