position:
  x: 0.31331916622376998
  y: 0.87413495475991498
  z: 0.255
orientation:
  x: 0.68407556971094452
  y: -0.72941114258328044
  z: -1.1783962139310926e-15
  w: 1.1051545751483971e-15