position:
  x: 0.5078283017523938
  y: 0.070652618270883843
  z: 0.26000000000000001
orientation:
  x: 0.94891590764372558
  y: 0.31552907983367318
  z: 1.9320583882810876e-17
  w: 5.8104341447794699e-17