position:
  x: -0.30890739349040752
  y: -0.43192060207891786
  z: 0.26000000000000018
orientation:
  x: 0.91349684019708211
  y: -0.40684582208736836
  z: 1.5951505293110538e-15
  w: 4.18046014974126e-15