position:
  x: -0.162778522036305
  y: -0.47288605654846361
  z: 0.38099999999966327
orientation:
  x: 0.83834848216066704
  y: 0.54513468286186462
  z: 1.1013124992453903e-15
  w: 1.2109295311279479e-15