position:
  x: 0.28158033854843911
  y: -0.94031338722215896
  z: 0.25899999999998952
orientation:
  x: -0.99860061996065053
  y: -0.052884797571744781
  z: 1.4496037766396135e-13
  w: 3.0184855032153075e-14