position:
  x: 0.35169948766777032
  y: 0.85935804011779438
  z: 0.23999999999999999
orientation:
  x: 0.68407556971094452
  y: -0.72941114258328044
  z: -4.4663551051351404e-17
  w: 4.1887547841070513e-17