position:
  x: -0.33352928399085302
  y: -0.40642832513770899
  z: 0.217000000001694
orientation:
  x: 0.65713460053280903
  y: 0.75377325289677499
  z: 1.217754289069787e-15
  w: 1.0616302385627049e-15