position:
  x: -0.26964803308428781
  y: -0.77149140739003719
  z: 0.34899999999999987
orientation:
  x: -0.99907735080361515
  y: 0.042947026803144661
  z: -1.4963769499109428e-15
  w: 1.1082129153628738e-15