position:
  x: -0.38869806194243822
  y: -0.66517595138221797
  z: 0.222
orientation:
  x: 0.94453311663606465
  y: 0.32841618653434584
  z: 3.1052893827573898e-16
  w: 1.9194055980905904e-16