position:
  x: 0.63160621432087771
  y: -0.56526014542491665
  z: 0.33200000000000002
orientation:
  x: 0.7071067811865378
  y: -0.70710678118655723
  z: -4.3297802811775262e-17
  w: 4.3297802811774073e-17