position:
  x: 0.82700459771742896
  y: 0.36796649466445702
  z: 0.23400000000000001
orientation:
  x: 0.82572393098235375
  y: 0.56407445413087898
  z: 9.1128742394716448e-16
  w: 1.3339938166776893e-15