position:
  x: 0.54560621432087542
  y: -0.78226014542491684
  z: 0.34999999999999998
orientation:
  x: 0.70710678118653858
  y: -0.70710678118655645
  z: -4.3297802811775213e-17
  w: 4.3297802811774116e-17