position:
  x: -0.10488173737423692
  y: -0.51051128876827301
  z: 0.223
orientation:
  x: 0.78810441709994905
  y: 0.61554157272076226
  z: 2.4933215375069619e-15
  w: 9.477618859955818e-16