position:
  x: -0.40528439885475598
  y: -0.59146095406393495
  z: 0.30800000000169403
orientation:
  x: 0.43395267409958355
  y: 0.90093566731583041
  z: 1.4555017292448919e-15
  w: 7.0106988820209468e-16