position:
  x: -0.46337333978522899
  y: -0.46337333978522899
  z: 0.218
orientation:
  x: 0.38268343236509206
  y: 0.92387953251128585
  z: 1.4925685661779225e-15
  w: 6.1824214288266427e-16