position:
  x: -0.32938161774887897
  y: -0.80653691855314302
  z: 0.23700000000169399
orientation:
  x: 0.99907257130801541
  y: -0.04305806846562435
  z: -6.9562228895186271e-17
  w: 1.6140462720410779e-15