position:
  x: -0.0080640601897562295
  y: -0.56377857976203216
  z: 0.24199999999999997
orientation:
  x: 0.78988916243192309
  y: 0.61324963193840976
  z: 3.75507099415833e-17
  w: 4.8366761722671916e-17