position:
  x: 0.82849920322399506
  y: -0.15913858125200198
  z: 0.24099999999999999
orientation:
  x: 0.57482628955318249
  y: 0.81827546513293481
  z: 5.0104921459793014e-17
  w: 3.5197958778352729e-17