position:
  x: 0.47087817620757344
  y: -0.45144361199604854
  z: 0.24299999999999999
orientation:
  x: 0.91238297233266152
  y: 0.40933765010980583
  z: 2.5064702148873646e-17
  w: 5.5867344333187099e-17