position:
  x: 0.66810387882410804
  y: 0.69734860178314673
  z: 0.24099999999999999
orientation:
  x: 0.031622308443339568
  y: -0.99949988974922566
  z: -6.120171703647608e-17
  w: 1.9363079408393061e-18