position:
  x: 0.68251302481225395
  y: -0.68908743741915623
  z: 0.29699999999999765
orientation:
  x: -0.4714726203289778
  y: 0.88188069957343296
  z: -1.6483391008510409e-14
  w: 1.545205153928018e-14