position:
  x: -0.10573117993997644
  y: -0.5133885178741161
  z: 0.222
orientation:
  x: 0.78810441709994916
  y: 0.61554157272076226
  z: 2.4933215375069619e-15
  w: 9.477618859955818e-16