position:
  x: -0.34367073550600719
  y: 0.59671561280129914
  z: 0.45899999999966323
orientation:
  x: 0.95115084270754124
  y: 0.30872653662543176
  z: 1.8904048244509156e-17
  w: 5.8241191751404903e-17