position:
  x: -0.38123122423442085
  y: -0.49039503567062964
  z: 0.315
orientation:
  x: 0.8903336220830701
  y: -0.45530873194837912
  z: -2.7879619060221138e-17
  w: 5.4517211022865054e-17