position:
  x: -0.38433211062283024
  y: 0.56984317067876644
  z: 0.51200000000000001
orientation:
  x: 0.93885921079176027
  y: 0.34430129583182389
  z: 2.1082373994136454e-17
  w: 5.7488546367306971e-17