position:
  x: 0.12730554222814977
  y: 0.93837860938727935
  z: 0.22299999999999998
orientation:
  x: 0.88958932246923716
  y: -0.45676124764336512
  z: -2.796855999504993e-17
  w: 5.4471635815880694e-17