position:
  x: 0.089329661683730494
  y: 0.91629901463559948
  z: 0.23400000000000001
orientation:
  x: 0.88958932246923716
  y: -0.45676124764336512
  z: -2.796855999504993e-17
  w: 5.4471635815880694e-17