position:
  x: 0.63207694702928863
  y: -0.78460763373457965
  z: 0.34999999999999998
orientation:
  x: 0.9872147560734732
  y: -0.15939581359243035
  z: -9.7601786456729009e-18
  w: 6.0449469554820706e-17