position:
  x: -0.53832093747087995
  y: -0.61480615136842198
  z: 0.29100000000169401
orientation:
  x: -0.54409548414927578
  y: -0.83902330368611644
  z: 1.5344624598991564e-15
  w: 6.0300962147970503e-16