position:
  x: -0.39014972193965197
  y: -0.24212554194766725
  z: 0.26100000000000007
orientation:
  x: 0.94200506729928224
  y: -0.33559864895805946
  z: 2.0226746927229405e-16
  w: 6.0849167283859986e-16