position:
  x: -0.12400110630845999
  y: -0.61129313013969877
  z: 0.23999999999999999
orientation:
  x: 0.45044747459860807
  y: -0.89280293045427239
  z: -5.4668412552510081e-17
  w: 2.7581952897559703e-17