position:
  x: -0.51401110246957904
  y: -0.75370612037482099
  z: 0.271000000001694
orientation:
  x: 0.9710834145017162
  y: -0.23874044919051324
  z: -2.5579063043970046e-15
  w: 1.0347915115502412e-15