position:
  x: 0.51781660926080064
  y: -0.770248681868691
  z: 0.29399999999999998
orientation:
  x: 0.9238132626607729
  y: -0.38284338277167307
  z: -2.3442396164303718e-17
  w: 5.6567247756369431e-17