position:
  x: -0.50895518775020798
  y: -0.63097213338227198
  z: 0.248
orientation:
  x: 0.91476530682969404
  y: 0.40398568467307805
  z: 6.5265688102202502e-16
  w: 1.4778441283278727e-15