position:
  x: 0.91217839740825779
  y: 0.20819273847329595
  z: 0.25600000000000001
orientation:
  x: 0.56407445413088697
  y: -0.82572393098234831
  z: -5.0561008452845143e-17
  w: 3.4539598736609062e-17