position:
  x: -0.49143475206305198
  y: 0.55165716942384846
  z: 0.26100000000000001
orientation:
  x: 0.48445430771466952
  y: -0.87481656576490385
  z: -5.3567065355253475e-17
  w: 2.9664270863795844e-17