position:
  x: 0.85657695754660002
  y: 0.38750484936540702
  z: 0.217
orientation:
  x: 0.82572393098235375
  y: 0.56407445413087898
  z: 9.1128742394716448e-16
  w: 1.3339938166776893e-15