position:
  x: 0.1647607924917476
  y: 0.79929551999258408
  z: 0.32800000000000001
orientation:
  x: 0.68407556971092398
  y: -0.72941114258329975
  z: -4.4663551051352587e-17
  w: 4.1887547841069256e-17