position:
  x: 0.499337272043759
  y: -0.32166632766398334
  z: 0.25800000000000001
orientation:
  x: 0.9206646904185789
  y: 0.39035436185146227
  z: 2.3902310988730048e-17
  w: 5.6374453310455077e-17