position:
  x: 0.60865916531919884
  y: 0.34453100411219079
  z: 0.23999999999999999
orientation:
  x: 0.62007255004543671
  y: -0.78454447463489885
  z: -4.8039493982518538e-17
  w: 3.7968493182614053e-17