position:
  x: -0.36138107550665433
  y: -0.88827056671330751
  z: 0.27899999999999997
orientation:
  x: -0.17869061522683433
  y: -0.98390531253259095
  z: 3.2574262380184233e-16
  w: -2.0830950269708996e-16