position:
  x: -0.36357578946221203
  y: 0.33295107843270455
  z: 0.24200000000169392
orientation:
  x: 6.123233995736766e-17
  y: 1
  z: 6.123233995736766e-17
  w: 3.749399456654644e-33