position:
  x: -0.41857337428722946
  y: 0.5131574849495335
  z: 0.25800000000000001
orientation:
  x: 0.23623313711240485
  y: 0.97169640574102756
  z: 5.9499244651686855e-17
  w: 1.4465107760862219e-17