position:
  x: 0.16091575204491732
  y: 0.82255450599286339
  z: 0.29900000000000004
orientation:
  x: 0.68407556971092398
  y: -0.72941114258329975
  z: -4.4663551051352587e-17
  w: 4.1887547841069256e-17