position:
  x: 0.16006242023946099
  y: -0.60831501991486903
  z: 0.23499999999999999
orientation:
  x: 0.37512586582919893
  y: -0.9269738857087042
  z: -1.4975676316973899e-15
  w: 6.0603255726968885e-16