position:
  x: 0.30414291550882283
  y: 0.4709791621887558
  z: 0.25800000000000001
orientation:
  x: 0.12587873840602187
  y: 0.99204563565256831
  z: 6.0745275615500957e-17
  w: 7.7078497034820849e-18