position:
  x: -0.25286286993422735
  y: 0.60775965816187227
  z: 0.42299999999905791
orientation:
  x: 0.48086152402004173
  y: 0.87679655263756762
  z: 5.3688304584551551e-17
  w: 2.9444276311213108e-17