position:
  x: -0.45566457150296003
  y: -0.66773854311667402
  z: 0.32500000000169399
orientation:
  x: 0.93725173198288037
  y: -0.34865339650588656
  z: -5.6326510308257839e-16
  w: 1.5141719504824872e-15