position:
  x: -0.091395841283287496
  y: 0.48936417467294502
  z: 0.252
orientation:
  x: 0.70710678118655701
  y: 0.70710678118653814
  z: 1.1423625238904019e-15
  w: 1.1423625238904325e-15