position:
  x: -0.20543545709778221
  y: -0.67087421795016267
  z: 0.2410000000000001
orientation:
  x: 0.17515797659761356
  y: -0.98454034109031296
  z: -3.937950944394667e-16
  w: 6.7147608971584859e-16