position:
  x: 0.1023145572263179
  y: 0.92672926077454343
  z: 0.24099999999999999
orientation:
  x: 0.45676124764336518
  y: 0.88958932246923716
  z: 5.4471635815880694e-17
  w: 2.7968559995049937e-17