position:
  x: 0.067949993635322808
  y: 0.89892830267481461
  z: 0.27600000000000002
orientation:
  x: 0.45676124764336518
  y: 0.88958932246923716
  z: 5.4471635815880694e-17
  w: 2.7968559995049937e-17