position:
  x: 0.491086558876766
  y: -0.34548413695543911
  z: 0.24199999999999997
orientation:
  x: 0.91924067801923337
  y: 0.39369604503314493
  z: 2.4106930069340658e-17
  w: 5.628725769911484e-17