position:
  x: -0.3205944048067878
  y: 0.57409923920987305
  z: 0.26099999999939466
orientation:
  x: 0.74359974781258176
  y: -0.66862501826738796
  z: -4.094147442254986e-17
  w: 4.5532352550272866e-17