position:
  x: 0.88512150698000402
  y: 0.31440747306653199
  z: 0.247
orientation:
  x: 0.62007255004541528
  y: -0.78454447463491572
  z: -1.2674665693975022e-15
  w: 1.0017548439804492e-15