position:
  x: 0.5970675237366363
  y: -0.431662084652291
  z: 0.32699999999999996
orientation:
  x: -0.66098245821859403
  y: 0.75040135256228357
  z: -2.4873389552323358e-16
  w: 4.8211763295134535e-16