position:
  x: 0.78395282902897612
  y: -0.24661848247788479
  z: 0.23999999999999999
orientation:
  x: 0.70710678118653825
  y: -0.7071067811865569
  z: -4.3297802811775237e-17
  w: 4.3297802811774097e-17