position:
  x: 0.67142073084055143
  y: 0.67675057202742706
  z: 0.27800000000000002
orientation:
  x: 0.031622308443339568
  y: -0.99949988974922566
  z: -6.120171703647608e-17
  w: 1.9363079408393061e-18