position:
  x: 0.68287101968701625
  y: 0.13331097830629263
  z: 0.23700000000000002
orientation:
  x: 0.83988003638694309
  y: 0.54277207415145012
  z: 3.3235204163807162e-17
  w: 5.1427819911451617e-17