position:
  x: 0.10678900300768029
  y: 0.48828625926122782
  z: 0.22299999999999998
orientation:
  x: 0.99290740725525406
  y: -0.11889020404410598
  z: -7.2799253916295043e-18
  w: 6.0798043907242218e-17