position:
  x: 0.72470008266091135
  y: -0.25839726510114774
  z: 0.25899999999999995
orientation:
  x: -0.3501207115056808
  y: 0.9367045891713971
  z: 4.6299939572696598e-17
  w: 2.987589776783992e-16