position:
  x: -0.38902466266809294
  y: 0.6923470699540436
  z: 0.2410000000002985
orientation:
  x: 1
  y: 0
  z: 0
  w: 6.123233995736766e-17