position:
  x: -0.6151597868030303
  y: 0.32083756582310624
  z: 0.31500000000029854
orientation:
  x: 6.123233995736766e-17
  y: 1
  z: 6.123233995736766e-17
  w: 3.749399456654644e-33