position:
  x: -0.32701638147658679
  y: -0.74831643412083992
  z: 0.27599999999999986
orientation:
  x: -0.9541744948923182
  y: 0.29925078662718568
  z: -8.4542577914865883e-16
  w: 4.9715416606357574e-16