position:
  x: -0.5652952443463426
  y: -0.55917054921992182
  z: 0.22300000000000003
orientation:
  x: 0.40008119826088689
  y: -0.91647969688266029
  z: -3.4516322271855814e-16
  w: -8.2628578882106378e-17