position:
  x: 0.37547230385542718
  y: 0.16773745789317523
  z: 0.24199999999999997
orientation:
  x: 0.31552907983367234
  y: -0.9489159076437258
  z: -5.8104341447794711e-17
  w: 1.9320583882810824e-17