position:
  x: 0.61840319465632987
  y: -0.46221817263912451
  z: 0.23999999999999994
orientation:
  x: -0.64424999644634062
  y: 0.76481497244685925
  z: -2.1665444879506244e-16
  w: 1.8250117073381576e-16