position:
  x: -0.398426057073972
  y: 0.76470521577247796
  z: 0.22900000000029899
orientation:
  x: 0.7071067811865428
  y: -0.70710678118655235
  z: -1.142362523890425e-15
  w: 1.1423625238904096e-15