position:
  x: -0.46106011605330061
  y: -0.61387868932996059
  z: 0.25999999999999995
orientation:
  x: -0.38611945471663744
  y: 0.92244878811201581
  z: -3.375180227525533e-16
  w: -7.2687728703684639e-17