position:
  x: -0.73113823281253398
  y: -0.54929511035188305
  z: 0.24125824613844701
orientation:
  x: 0.75164212220301929
  y: -0.65957116381035141
  z: -1.1397435387324806e-15
  w: 1.1492205886675444e-15