position:
  x: 0.83203646269000964
  y: -0.10549699763985029
  z: 0.25899999999998952
orientation:
  x: -0.88221344662442303
  y: -0.47084969427095974
  z: 4.1514538025056429e-13
  w: -9.6157715687676663e-14