position:
  x: -0.43278316860534954
  y: 0.21385505436827201
  z: 0.26100000000169393
orientation:
  x: 7.1666596975583694e-15
  y: -1
  z: -6.123233995736766e-17
  w: 4.3883134295965982e-31