position:
  x: -0.23593032865256286
  y: -0.36968102679888371
  z: 0.34500000000169373
orientation:
  x: 0.74257440968095267
  y: -0.66976357476872739
  z: 1.179742326510959e-15
  w: -1.111533235945019e-15