position:
  x: -0.431550889790765
  y: -0.68546383130117705
  z: 0.35999999999966298
orientation:
  x: 0.96770626353387601
  y: -0.25208051792493719
  z: -4.0724731305378869e-16
  w: 1.5633726036965844e-15