position:
  x: -0.52149108694835278
  y: -0.74326366303769487
  z: 0.29499999999999993
orientation:
  x: -0.58417487930643919
  y: -0.81162781518828397
  z: 4.2208267791659548e-16
  w: -1.0150572871991336e-16