position:
  x: 0.82695282902897616
  y: -0.2465684824778851
  z: 0.37000000000000005
orientation:
  x: 0.70710678118653825
  y: -0.7071067811865569
  z: -4.3297802811775237e-17
  w: 4.3297802811774097e-17