position:
  x: 0.087539250523965828
  y: 0.75506033195983802
  z: 0.25800000000000001
orientation:
  x: 0.68407556971092387
  y: -0.72941114258329987
  z: -4.4663551051352593e-17
  w: 4.188754784106925e-17