position:
  x: 0.20917634869238727
  y: 0.85563190930280009
  z: 0.27700000000000002
orientation:
  x: 0.6840755697109322
  y: -0.72941114258329198
  z: -4.4663551051352106e-17
  w: 4.1887547841069762e-17