position:
  x: -0.40613251695688102
  y: -0.70215506126537897
  z: 0.23500000000169299
orientation:
  x: -0.14041594342163416
  y: -0.9900926031604379
  z: 7.6536825999360791e-15
  w: -6.091074991804519e-15