position:
  x: -0.26722506021000819
  y: 0.44570705291129736
  z: 0.29600000000033677
orientation:
  x: 0.20285876698926303
  y: 0.97920800683797304
  z: 5.9959197563679158e-17
  w: 1.2421516983618987e-17