position:
  x: 0.113077810001704
  y: -0.408293403082231
  z: 0.28899999999999998
orientation:
  x: 0.99283042008761691
  y: 0.11953140570011805
  z: 1.9310831395312609e-16
  w: 1.6039617985041754e-15