position:
  x: -0.27781120372557316
  y: -0.67579201764619334
  z: 0.28100000000000003
orientation:
  x: 0.27203621275336787
  y: 0.96228701485097701
  z: 5.8923085629915531e-17
  w: 1.6657413860029018e-17