position:
  x: 0.39325976965882875
  y: -0.21103580737047414
  z: 0.25499999999999989
orientation:
  x: -0.18146154167368531
  y: -0.98339804194100844
  z: 1.6663238500232423e-15
  w: -1.2738256661259527e-16