position:
  x: -0.36349303300406582
  y: 0.49514420452865554
  z: 0.44100000000033679
orientation:
  x: 0.033340471594615478
  y: 0.99944405193780039
  z: 6.1198297956624418e-17
  w: 2.0415150910204548e-18