position:
  x: 0.3773068355908879
  y: -0.52529675453006586
  z: 0.31200000000000011
orientation:
  x: 0.82065172877146542
  y: -0.57142868327062935
  z: -5.9921955089550463e-16
  w: 1.5513686145281883e-15