position:
  x: -0.36485136419004444
  y: 0.41059574525916143
  z: 0.4560000000003368
orientation:
  x: 0.99998567094008806
  y: -0.0053533087433743805
  z: -3.2779562087104874e-19
  w: 6.1231462555499859e-17