position:
  x: 0.94582478467685493
  y: -0.44859764457758988
  z: 0.27700000000004549
orientation:
  x: 0.5949070951763511
  y: 0.80379446882199679
  z: 4.5598508385264539e-13
  w: 1.7640341018054115e-13