position:
  x: 0.88203370165115635
  y: 0.33996872833699415
  z: 0.27300000000000002
orientation:
  x: 0.8257239309823271
  y: 0.56407445413091795
  z: 3.4539598736610961e-17
  w: 5.0561008452843843e-17