position:
  x: -0.22869021670132489
  y: 0.52368985533808066
  z: 0.24299999999905789
orientation:
  x: 0.70751625013609742
  y: 0.70669707498570788
  z: 4.3272715542402211e-17
  w: 4.3322875553695492e-17