position:
  x: -0.28698127559363479
  y: -0.66971160094958659
  z: 0.26300000000003732
orientation:
  x: 0.35742863438426609
  y: 0.93394045384178459
  z: 8.0666407603575548e-13
  w: -3.6008169154757688e-13