position:
  x: -0.73233661656171201
  y: -0.39960653527329598
  z: 0.234000000001689
orientation:
  x: -0.48765154563657598
  y: 0.87303835542217645
  z: -2.1638894863988657e-14
  w: 6.7023258287204233e-14