position:
  x: -0.53050606687050905
  y: -0.73965526427832096
  z: 0.35700000000000004
orientation:
  x: 0.60509022407395407
  y: 0.79615690710445519
  z: 1.2862269716696316e-15
  w: 9.775502285448747e-16