position:
  x: 0.58105598087876098
  y: 0.74085565969089395
  z: 0.248
orientation:
  x: 1
  y: 0
  z: 0
  w: 1.6155445744325867e-15