position:
  x: -0.223657921797798
  y: -0.39732242115573102
  z: 0.25300000000169398
orientation:
  x: -0.68439930133657478
  y: 0.72910739697935334
  z: 8.2859190804645299e-17
  w: 2.4488011897191762e-15