position:
  x: -0.20375010234242003
  y: -0.49659852862714987
  z: 0.34799999999999975
orientation:
  x: -0.55230839134671028
  y: 0.83363987479487156
  z: -7.7223297971568465e-16
  w: 2.5635489193050966e-15