position:
  x: 0.64555692069095605
  y: 0.69985565969089403
  z: 0.26500000000000001
orientation:
  x: 1
  y: 0
  z: 0
  w: 1.6155445744325867e-15