position:
  x: 0.44180807261080435
  y: -0.60964921609036804
  z: 0.29699999999999993
orientation:
  x: -0.56249725502554171
  y: -0.82679915220610301
  z: 3.4378492185311043e-16
  w: 3.9303386088168276e-16