position:
  x: -0.77921929142087643
  y: 0.43871307310522129
  z: 0.31400000000029854
orientation:
  x: 6.123233995736766e-17
  y: 1
  z: 6.123233995736766e-17
  w: 3.749399456654644e-33