position:
  x: -0.41895424611339177
  y: -0.49897282205513832
  z: 0.24299999999999999
orientation:
  x: 0.016260435576309757
  y: 0.9998677903777422
  z: 6.1224244452831938e-17
  w: 9.9566451906347457e-19