position:
  x: 0.13918856523711098
  y: 0.95403252654982718
  z: 0.26000000000000001
orientation:
  x: 0.45676124764336518
  y: 0.88958932246923716
  z: 5.4471635815880694e-17
  w: 2.7968559995049937e-17