position:
  x: 0.177660017355527
  y: -0.250930896583339
  z: 0.28799999999999998
orientation:
  x: 0.071698530894908102
  y: -0.9974263484927155
  z: -1.611386725703513e-15
  w: 1.1583217258205598e-16