position:
  x: -0.21751637691740269
  y: 0.56713876562938925
  z: 0.4919999999993947
orientation:
  x: 0.42041593347629475
  y: 0.90733149558430726
  z: 5.5558030591645131e-17
  w: 2.5743051362114547e-17