position:
  x: -0.77242067412273041
  y: 0.15923292380281096
  z: 0.22199999999924439
orientation:
  x: 0.70710678118654302
  y: 0.70710678118655201
  z: 4.3297802811774942e-17
  w: 4.3297802811774387e-17