position:
  x: -0.53744649632562347
  y: -0.31173974390715375
  z: 0.27900000000000003
orientation:
  x: -0.97446591697678098
  y: 0.22453546858035897
  z: 1.144733305505218e-16
  w: 8.9213651660794664e-17