position:
  x: 0.96602027094160803
  y: 0.16049676356166001
  z: 0.29000000000000004
orientation:
  x: 0.82572393098232832
  y: 0.56407445413091617
  z: 9.1128742394722463e-16
  w: 1.3339938166776483e-15