position:
  x: -0.500385190080187
  y: -0.65934198743277495
  z: 0.235000000001714
orientation:
  x: 0.30143906742044929
  y: 0.95348544227622578
  z: 2.7866097605636003e-13
  w: -1.4609067206163037e-13