position:
  x: -0.2578872849724963
  y: -0.35348022334663198
  z: 0.31500000000000006
orientation:
  x: 0.35417906540169497
  y: 0.93517762464206866
  z: 1.9500888207557429e-16
  w: 2.8490956020907497e-16