position:
  x: 0.444736059381246
  y: -0.61937913599974403
  z: 0.29000000000000004
orientation:
  x: -0.56249725502554204
  y: -0.82679915220610278
  z: 1.2617163773728847e-15
  w: 1.0175312646994885e-15