position:
  x: 0.49356020031578324
  y: -0.34718151670999525
  z: 0.22199999999999998
orientation:
  x: 0.91924067801923337
  y: 0.39369604503314493
  z: 2.4106930069340658e-17
  w: 5.628725769911484e-17