position:
  x: -0.37437153795491757
  y: 0.57123632420559967
  z: 0.34899999999999998
orientation:
  x: 0.97385038590902084
  y: 0.22719028558644677
  z: 1.3911392802040755e-17
  w: 5.9631137897594857e-17