position:
  x: -0.42079086657773501
  y: -0.50134491506974743
  z: 0.222
orientation:
  x: 0.016260435576309757
  y: 0.9998677903777422
  z: 6.1224244452831938e-17
  w: 9.9566451906347457e-19