position:
  x: 0.59706752373663596
  y: -0.431662084652291
  z: 0.307
orientation:
  x: -0.66098245821859458
  y: 0.75040135256228313
  z: -1.0818467548477396e-15
  w: 1.215955576938965e-15