position:
  x: -0.28553683174545386
  y: 0.51700406184354131
  z: 0.52899999999939462
orientation:
  x: 0.91572582330021468
  y: -0.40180370399131954
  z: -2.4603380998926004e-17
  w: 5.6072034920059136e-17