position:
  x: 0.8199735769718951
  y: -0.57591481718263604
  z: 0.26100000000000001
orientation:
  x: -0.70713383210817182
  y: 0.7070797292300296
  z: -2.0034627486127518e-17
  w: 6.6559198332985827e-17