position:
  x: -0.248403019871832
  y: -0.60503937520603701
  z: 0.25200000000169398
orientation:
  x: -0.18753341958495706
  y: 0.98225822294281273
  z: -1.5560369175359578e-15
  w: 4.6452796079282212e-16