position:
  x: 0.092471437804758194
  y: 0.75474362039126319
  z: 0.24199999999999997
orientation:
  x: 0.68407556971092387
  y: -0.72941114258329987
  z: -4.4663551051352593e-17
  w: 4.188754784106925e-17