position:
  x: 0.74560939962461847
  y: -0.17357543348849053
  z: 0.29699999999999999
orientation:
  x: -0.8234685861947364
  y: 0.56736186649301878
  z: -1.6072053618291789e-16
  w: 2.3326966530387337e-16