position:
  x: -0.28574938480016843
  y: -0.66697619511626105
  z: 0.2410000000000373
orientation:
  x: 0.35742863438426609
  y: 0.93394045384178459
  z: 8.0666407603575548e-13
  w: -3.6008169154757688e-13