position:
  x: -0.63949360998268401
  y: 0.32128381420101199
  z: 0.28999999999999998
orientation:
  x: 0.22435266370693724
  y: -0.97450802063790209
  z: -1.574361145482602e-15
  w: 3.6245172861124118e-16