position:
  x: 0.37226166709834202
  y: -0.58872978058459202
  z: 0.253
orientation:
  x: 0.43475569194929209
  y: -0.90054843751887781
  z: -7.2549940909962746e-16
  w: 2.213190610185902e-15