position:
  x: 0.6643613257029588
  y: 0.22469345783456651
  z: 0.27600000000000002
orientation:
  x: 0.70710678118653825
  y: -0.7071067811865569
  z: -4.3297802811775237e-17
  w: 4.3297802811774097e-17