position:
  x: 0.35458827596756365
  y: 0.41692746917349421
  z: 0.22299999999999998
orientation:
  x: 0.99204563565256831
  y: -0.12587873840602193
  z: -7.707849703482088e-18
  w: 6.0745275615500957e-17