position:
  x: 0.341439130920696
  y: -0.75436087677508201
  z: 0.309
orientation:
  x: -0.31567705845484983
  y: 0.94886668966999432
  z: -8.4756908567747311e-16
  w: 2.57007748935046e-15