position:
  x: 0.78987169723081019
  y: 0.17389311597957674
  z: 0.23999999999999999
orientation:
  x: 0.78454447463489907
  y: 0.62007255004543638
  z: 3.7968493182614035e-17
  w: 4.803949398251855e-17