position:
  x: -0.19614898812678414
  y: -0.67217880723771095
  z: 0.29700000000000015
orientation:
  x: 0.18995339908604064
  y: -0.98179310762281247
  z: -1.4667073713017584e-15
  w: 2.0930712123445053e-15