position:
  x: -0.47884794839747852
  y: 0.12594767121817912
  z: 0.25900000000169393
orientation:
  x: 1
  y: 2.1316282072802999e-14
  z: 1.305245830509015e-30
  w: 6.123233995736766e-17