position:
  x: 0.28191800694759689
  y: 0.46860130152158991
  z: 0.29499999999999998
orientation:
  x: 0.12587873840602187
  y: 0.99204563565256831
  z: 6.0745275615500957e-17
  w: 7.7078497034820849e-18