position:
  x: -0.47538854568899547
  y: -0.50664274794065667
  z: 0.314
orientation:
  x: 0.10014516650810529
  y: -0.99497283662674119
  z: -6.0924514980675053e-17
  w: 6.1321228807114933e-18