position:
  x: -0.77916817668133431
  y: 0.32096454486503628
  z: 0.27700000000029851
orientation:
  x: 6.123233995736766e-17
  y: 1
  z: 6.123233995736766e-17
  w: 3.749399456654644e-33