position:
  x: 0.16992302324918665
  y: -0.24735884171741845
  z: 0.31199999999999994
orientation:
  x: -0.54022491690385321
  y: 0.84152067066485359
  z: -2.0284147034663866e-16
  w: 2.0839774544810083e-16