position:
  x: 0.19567080110025573
  y: -0.58290711656531891
  z: 0.27700000000000002
orientation:
  x: 0.31943644868451515
  y: -0.94760770113577331
  z: -2.6843541452477527e-16
  w: 9.048898126743267e-17