position:
  x: 0.34368541071321906
  y: -0.7277881119518852
  z: 0.24100000000000016
orientation:
  x: 0.80542427095289737
  y: -0.59269869559498245
  z: -9.0193566598501848e-16
  w: 2.1691701622062764e-15