position:
  x: 0.34511015771077336
  y: -0.73042820588827451
  z: 0.26100000000000018
orientation:
  x: 0.80542427095289737
  y: -0.59269869559498245
  z: -9.0193566598501848e-16
  w: 2.1691701622062764e-15