position:
  x: -0.3973759453818681
  y: -0.37514612828372829
  z: 0.27600000000000002
orientation:
  x: 0.97699214880015883
  y: -0.21327527091261242
  z: -1.305934389302077e-17
  w: 5.9823515391010457e-17