position:
  x: -0.0052866094385005703
  y: -0.53415421719891598
  z: 0.24325824613844699
orientation:
  x: 0.90265634646071924
  y: 0.43036208033955092
  z: 6.9526912393408248e-16
  w: 1.4582815631017561e-15