position:
  x: 0.091832072024361333
  y: 0.39312738108992651
  z: 0.22299999999999998
orientation:
  x: 0.11889020404410158
  y: 0.9929074072552545
  z: 6.0798043907242243e-17
  w: 7.2799253916292362e-18