position:
  x: -0.70828442091742705
  y: -0.16473198778793807
  z: 0.24299999999999999
orientation:
  x: 0.88532672009525393
  y: -0.46496945994912392
  z: -2.8471168041398404e-17
  w: 5.4210626698213869e-17