position:
  x: 0.12315174175149032
  y: 0.75277353964733973
  z: 0.28800000000000003
orientation:
  x: 0.68407556971092398
  y: -0.72941114258329975
  z: -4.4663551051352587e-17
  w: 4.1887547841069256e-17