position:
  x: -0.27559097592354997
  y: -0.67331531510649045
  z: 0.29600000000000004
orientation:
  x: 0.29925078662720922
  y: 0.95417449489231088
  z: 8.9091430052366296e-16
  w: -4.1009599120927607e-16