position:
  x: 0.047106728166100564
  y: 0.87996624446652072
  z: 0.246
orientation:
  x: -0.45676124764336384
  y: -0.88958932246923783
  z: 5.4471635815880737e-17
  w: 2.7968559995049863e-17