position:
  x: 0.63209642832003099
  y: 0.682122162732269
  z: 0.23499999999999999
orientation:
  x: 1
  y: 0
  z: 0
  w: 1.6155445744325867e-15