position:
  x: 0.68870629553981
  y: -0.25754301708792898
  z: 0.255
orientation:
  x: -0.78722341492225822
  y: 0.61666789684411016
  z: -9.703583694689382e-16
  w: 1.2920801138105694e-15