position:
  x: -0.19435698762829701
  y: -0.63546387498358903
  z: 0.24199999999999999
orientation:
  x: -0.95285456394923806
  y: -0.30342738828442539
  z: 2.9072567545399121e-18
  w: 6.3336211964117149e-17