position:
  x: 0.10842899799523459
  y: 0.92484270544131608
  z: 0.21599999999999972
orientation:
  x: 0.88958932246923794
  y: -0.45676124764336351
  z: 7.379181554412952e-16
  w: -1.4371712033883383e-15