position:
  x: -0.30190211245641513
  y: -0.60321422775857736
  z: 0.32700000000169371
orientation:
  x: -0.99265758044593622
  y: -0.12095837293556698
  z: 1.9541364312824849e-16
  w: 1.6036825683588112e-15