position:
  x: 0.69640277141808959
  y: 0.22755245332582025
  z: 0.29100000000000004
orientation:
  x: 0.54277207415142148
  y: -0.83988003638696151
  z: -5.1427819911452751e-17
  w: 3.3235204163805406e-17