position:
  x: -0.79523972828037393
  y: 0.39467346065354492
  z: 0.25900000000029849
orientation:
  x: 0.70710678118655057
  y: -0.70710678118654458
  z: -4.3297802811774486e-17
  w: 4.3297802811774849e-17