position:
  x: 0.80008826795147203
  y: -0.071760012064741599
  z: 0.25299999999999001
orientation:
  x: -0.87490488643431807
  y: -0.48429478594483444
  z: 4.150915352490097e-13
  w: -1.0229573932700598e-13