position:
  x: -0.38315326668588501
  y: 0.70205066033699404
  z: 0.27800000000000002
orientation:
  x: 0.082799860597934663
  y: 0.99656619603765539
  z: 1.6099971110715558e-15
  w: 1.3376686555276785e-16