position:
  x: 0.205467937530981
  y: -0.59647641247739203
  z: 0.29100000000000004
orientation:
  x: 0.31943644868451704
  y: -0.94760770113577275
  z: -1.5309024802604338e-15
  w: 5.1606382154828492e-16