position:
  x: 0.82695282902897616
  y: -0.3551184824778853
  z: 0.27800000000000002
orientation:
  x: 0.70710678118653858
  y: -0.70710678118655645
  z: -4.3297802811775213e-17
  w: 4.3297802811774116e-17