position:
  x: 0.23523542081874976
  y: -0.87957746721623187
  z: 0.24000000000000016
orientation:
  x: 0.54199962830514237
  y: -0.84037872588321005
  z: -2.3690894151321836e-15
  w: 2.5848155542496364e-15